time,interArrival,dimmer,servers,response,concept,segment,queue
10.0,141.783752143534,0.75,5.0,1.22717249288797,1,1,0.0
11.0,137.334158681654,0.5,5.0,0.0349530951874456,1,1,0.0
12.0,142.090079931698,0.75,5.0,0.0769813071492809,1,1,0.0
13.0,140.252651312244,1.0,5.0,1.53334006549235,1,1,0.0
14.0,142.62712227519,0.75,5.0,1.24613295126205,1,1,0.0
15.0,136.863172223198,0.5,5.0,0.0293369414542161,1,1,0.0
16.0,130.944114730409,0.75,5.0,0.0770833392429486,1,1,0.0
17.0,142.423283045759,1.0,5.0,1.95520191931587,1,1,0.0
18.0,137.806654944597,0.75,5.0,0.700471137914772,1,1,1.0
19.0,136.537291720578,1.0,5.0,2.03416892624146,1,1,0.0
20.0,135.547242709121,0.75,5.0,0.890813843639251,1,1,0.0
21.0,142.539103496641,0.5,5.0,0.0340330370227037,1,1,0.0
22.0,144.974807004134,0.75,5.0,0.0703232236104653,1,1,0.0
23.0,136.500776979565,1.0,5.0,2.50488626424609,1,1,0.0
24.0,145.546761018233,0.75,5.0,2.30640768582118,1,1,70.0
25.0,144.59457646012,0.5,5.0,0.0394629815971268,1,1,0.0
26.0,140.202513022146,0.75,5.0,0.0865618925088624,1,1,0.0
27.0,141.439018729395,1.0,5.0,1.55140024032348,1,1,0.0
28.0,138.162262089257,0.75,5.0,0.578600534803012,1,1,0.0
29.0,137.678002490498,1.0,5.0,1.85550134707487,1,1,0.0
30.0,138.272690066751,0.75,5.0,1.05415341095623,1,1,3.0
31.0,139.119448798136,0.5,5.0,0.032259646908234,1,1,0.0
32.0,137.634682027511,0.75,5.0,0.0801616858819881,1,1,0.0
33.0,142.793091203615,1.0,5.0,1.87068416239196,1,1,0.0
34.0,142.435998115002,0.75,5.0,1.19555258270574,1,1,21.0
35.0,124.907755528561,0.5,5.0,0.0288814722394346,1,1,0.0
36.0,123.466454250801,0.75,5.0,0.0559770449657625,1,1,0.0
37.0,125.561496716538,1.0,5.0,0.215131988740468,1,1,0.0
38.0,121.494386512823,1.0,4.0,3.24314957474083,1,1,0.0
39.0,126.436223747621,1.0,5.0,6.10329039955452,1,1,90.0
40.0,122.714359307993,0.75,5.0,2.05345890745742,1,1,50.0
41.0,116.458473786708,0.5,5.0,0.0283068981414117,1,1,0.0
42.0,127.184257811243,0.75,5.0,0.0679791856442652,1,1,0.0
43.0,132.920244073891,1.0,5.0,0.88110685086451,1,1,0.0
44.0,132.908247974806,0.75,5.0,0.358934142568503,1,1,0.0
45.0,131.106172453059,1.0,5.0,0.792852867852923,1,1,0.0
46.0,131.097324134046,0.75,5.0,0.201481858442005,1,1,0.0
47.0,126.606105183643,1.0,5.0,0.389519439553577,1,1,0.0
48.0,127.083938818406,1.0,4.0,3.87358918981537,1,1,0.0
49.0,127.89863227398,1.0,5.0,6.22644279578007,1,1,131.0
50.0,118.610717652662,0.75,5.0,1.52724488884656,1,1,54.0
51.0,108.280345493406,0.5,5.0,0.0253561422418289,1,1,0.0
52.0,111.315141731871,0.75,5.0,0.0488370755139661,1,1,0.0
53.0,114.313842676911,1.0,5.0,0.114641782471381,1,1,0.0
54.0,113.456497982353,1.0,4.0,2.94799212146451,1,1,0.0
55.0,119.50636767417,1.0,5.0,2.91681202728313,1,1,54.0
56.0,108.68558844314,0.75,5.0,0.0833702706857872,1,1,0.0
57.0,112.659440261744,1.0,5.0,0.0826796887252579,1,1,0.0
58.0,107.869832067279,1.0,4.0,1.16494490869553,1,1,0.0
59.0,114.548392340312,1.0,5.0,1.64368418971656,1,1,2.0
60.0,115.071911978002,0.75,5.0,0.0539306076255699,1,1,0.0
61.0,112.670651076956,1.0,5.0,0.123092140870342,1,1,0.0
62.0,118.037469744338,1.0,4.0,2.47324244496558,1,1,0.0
63.0,116.707960361083,1.0,5.0,2.9131474466502,1,1,42.0
64.0,115.492235074908,0.75,5.0,0.0969551694752705,1,1,0.0
65.0,112.723393715376,1.0,5.0,0.156485415264693,1,1,0.0
66.0,117.940210749412,1.0,4.0,2.08470213846075,1,1,0.0
67.0,113.467566919172,1.0,5.0,1.5384494595228,1,1,3.0
68.0,103.464405380835,0.75,5.0,0.0401262040071629,1,1,0.0
69.0,96.4643913473121,1.0,5.0,0.0613337628581069,1,1,0.0
70.0,92.9910355848069,1.0,4.0,0.308722525401305,1,1,0.0
71.0,100.731294107482,1.0,3.0,5.54789348064846,1,1,0.0
72.0,109.024175696798,1.0,4.0,10.1141971050636,1,1,256.0
73.0,104.967532668101,1.0,5.0,7.37927452639877,1,1,232.0
74.0,101.444055207339,0.75,5.0,1.54936880216678,1,1,74.0
75.0,96.0228716618462,0.5,5.0,0.0239034734298262,1,1,0.0
76.0,102.202605447989,0.75,5.0,0.0425714030685183,1,1,0.0
77.0,100.993430525845,1.0,5.0,0.0689776166297048,1,1,0.0
78.0,102.03368054788,1.0,4.0,0.746966244516175,1,1,0.0
79.0,101.574652018428,1.0,3.0,4.49837639500357,1,1,0.0
80.0,100.130661678138,1.0,4.0,7.82965346857582,1,1,200.0
81.0,100.835649540391,1.0,5.0,5.58805131366883,1,1,177.0
82.0,98.0990628761984,0.75,5.0,0.532616183498546,1,1,0.0
83.0,94.7146347786028,1.0,5.0,0.0576141086140017,1,1,0.0
84.0,95.7550776286961,1.0,4.0,0.207493413420259,1,1,0.0
85.0,97.5955031800116,1.0,3.0,3.8914634259616,1,1,0.0
86.0,93.4610409012141,1.0,4.0,3.90068341571199,1,1,80.0
87.0,80.584334191984,1.0,5.0,0.0637017882628625,1,1,0.0
88.0,86.6439653858685,1.0,4.0,0.0635382455882809,1,1,0.0
89.0,76.9275176951824,1.0,3.0,1.11590996819761,1,1,0.0
90.0,82.3774229020936,1.0,4.0,0.769633814954423,1,1,13.0
91.0,79.215211733807,1.0,5.0,0.0500870348591524,1,1,0.0
92.0,81.8615180671296,1.0,4.0,0.0520851501695855,1,1,0.0
93.0,70.9336960992337,1.0,3.0,0.125906811855088,1,1,0.0
94.0,68.380348066351,1.0,2.0,4.83421289548719,1,1,0.0
95.0,68.9530176127733,1.0,3.0,6.91022562703982,1,1,210.0
96.0,72.2403463847604,1.0,4.0,2.77069304779652,1,1,157.0
97.0,71.3547889539027,1.0,5.0,0.0508481873198328,1,1,0.0
98.0,81.5060292226307,1.0,4.0,0.0587396721836373,1,1,0.0
99.0,75.0478884620469,1.0,3.0,0.300456491489332,1,1,0.0
100.0,74.5234000491905,1.0,2.0,5.05985611011802,1,1,0.0
101.0,76.4507040458873,1.0,3.0,8.75243382019389,1,1,294.0
102.0,77.2852651754316,1.0,4.0,6.33859607111577,1,1,251.0
103.0,61.4838089095829,1.0,5.0,0.042020091101337,1,1,0.0
104.0,63.1582150086551,1.0,4.0,0.048640803770444,1,1,0.0
105.0,64.5101821146878,1.0,3.0,0.258690757535159,1,1,0.0
106.0,72.6868099568075,1.0,2.0,5.65164357624227,1,1,0.0
107.0,73.1467110025278,1.0,3.0,8.65958042782249,1,1,286.0
108.0,72.8706507838877,1.0,4.0,5.49555914726048,1,1,194.0
109.0,72.2402916555558,1.0,5.0,0.386963400733115,1,1,0.0
110.0,79.6487863243637,1.0,4.0,0.0721759355643496,1,1,0.0
111.0,81.5376622393782,1.0,3.0,0.443167397712417,1,1,0.0
112.0,76.0775558410742,1.0,2.0,6.11235318271001,1,1,0.0
113.0,72.8534140055865,1.0,3.0,8.66047989686268,1,1,263.0
114.0,71.7643291264626,1.0,4.0,5.64551376755729,1,1,211.0
115.0,72.3419961993633,1.0,5.0,0.300870794485011,1,1,0.0
116.0,68.3412253714177,1.0,4.0,0.067314857488961,1,1,0.0
117.0,78.8147028262476,1.0,3.0,1.51037472268105,1,1,0.0
118.0,77.4221535045583,1.0,4.0,0.213907848698957,1,1,0.0
119.0,68.8036191893581,1.0,3.0,0.42576851833589,1,1,0.0
120.0,75.8652748044841,1.0,2.0,6.83259742757402,1,1,0.0
121.0,77.3764616285151,1.0,3.0,9.06080983916124,1,1,345.0
122.0,71.8054244304076,1.0,4.0,5.04799475199825,1,1,196.0
123.0,63.7050797080859,1.0,5.0,0.0485815126589694,1,1,0.0
124.0,76.1264045933395,1.0,4.0,0.0683524062542959,1,1,0.0
125.0,76.9900170076117,1.0,3.0,0.4698359734046,1,1,0.0
126.0,77.6225810801612,1.0,2.0,6.34007806297561,1,1,0.0
127.0,80.4316835968409,1.0,3.0,9.14080573618404,1,1,366.0
128.0,76.7476067799048,1.0,4.0,6.64939499484487,1,1,261.0
129.0,83.4491971169514,1.0,5.0,1.8967504286046,1,1,88.0
130.0,76.5862713866263,0.75,5.0,0.0321872712832635,1,1,0.0
131.0,78.4719959972322,1.0,5.0,0.0468448008342204,1,1,0.0
132.0,80.0428322854204,1.0,4.0,0.0631185261782014,1,1,0.0
133.0,78.0633076590843,1.0,3.0,0.0806699740282557,1,1,0.0
134.0,63.5020433855404,1.0,2.0,3.12516026040192,1,1,0.0
135.0,62.695301818403,1.0,3.0,4.63968510400348,1,1,99.0
136.0,70.5280211502493,1.0,4.0,2.0121406279167,1,1,66.0
137.0,72.4250076116562,1.0,5.0,0.041735840705446,1,1,0.0
138.0,65.0861685125053,1.0,4.0,0.0495413772112304,1,1,0.0
139.0,62.3779613491483,1.0,3.0,0.495847851133023,1,1,0.0
140.0,75.6756845852454,1.0,2.0,6.18743049250025,1,1,0.0
141.0,78.4434425318969,1.0,3.0,8.96316311548651,1,1,375.0
142.0,77.7921364581808,1.0,4.0,6.08666336021789,1,1,226.0
143.0,66.2840987372158,1.0,5.0,0.0911767239711386,1,1,0.0
144.0,71.4683358562622,1.0,4.0,0.0597539202297994,1,1,0.0
145.0,73.6171503678034,1.0,3.0,0.109410089282871,1,1,0.0
146.0,67.0999882788868,1.0,2.0,4.04302749366466,1,1,0.0
147.0,67.0590241402921,1.0,3.0,5.4217654745062,1,1,139.0
148.0,64.2291507540924,1.0,4.0,0.776913950806029,1,1,0.0
149.0,64.2704681494284,1.0,5.0,0.0419348560279843,1,1,0.0
150.0,65.7957911334523,1.0,4.0,0.0499148670921833,1,1,0.0
151.0,63.7621277132397,1.0,3.0,0.0840406271405497,1,1,0.0
152.0,60.8258521846645,1.0,2.0,2.97548396090427,1,1,0.0
153.0,64.7952630010338,1.0,3.0,5.76233209512915,1,1,127.0
154.0,73.57684784198,1.0,4.0,1.93256804662172,1,1,69.0
155.0,78.2006894385379,1.0,5.0,0.045796737360707,1,1,0.0
156.0,76.0464050084011,1.0,4.0,0.0585162008261798,1,1,0.0
157.0,75.0216699163423,1.0,3.0,0.232121117212032,1,1,0.0
158.0,74.9257847394854,1.0,2.0,3.58634850162459,1,1,0.0
159.0,63.4450852490788,1.0,3.0,5.59328625896642,1,1,151.0
160.0,67.7053234318144,1.0,4.0,1.37193292724856,1,1,47.0
161.0,61.6548128341842,1.0,5.0,0.0434639294998684,1,1,0.0
162.0,67.9792463851963,1.0,4.0,0.0609932063346703,1,1,0.0
163.0,73.8802864741013,1.0,3.0,0.42481433155164,1,1,0.0
164.0,76.5825380703501,1.0,2.0,3.74726734776379,1,1,0.0
165.0,66.3714436254711,1.0,3.0,6.20034503947701,1,1,153.0
166.0,71.9213543434925,1.0,4.0,2.90570155925904,1,1,102.0
167.0,65.6142879939243,1.0,5.0,0.044528901910333,1,1,0.0
168.0,68.7264153620895,1.0,4.0,0.052828364040308,1,1,0.0
169.0,68.8965837724611,1.0,3.0,0.0732272188357178,1,1,0.0
170.0,60.6498782399046,1.0,2.0,3.11173508057855,1,1,0.0
171.0,62.4616472815688,1.0,3.0,4.38369630305332,1,1,72.0
172.0,70.4957457180045,1.0,4.0,1.01495213630629,1,1,0.0
173.0,70.0652287298325,1.0,5.0,0.0454610154378179,1,1,0.0
174.0,73.1693562033896,1.0,4.0,0.056078096341998,1,1,0.0
175.0,67.9023509714986,1.0,3.0,0.105707083667949,1,1,0.0
176.0,66.1075313312425,1.0,2.0,4.52703317960957,1,1,0.0
177.0,65.9555929795913,1.0,3.0,5.09735035210722,1,1,139.0
178.0,64.7370186217097,1.0,4.0,0.666367161094027,1,1,5.0
179.0,66.9129671434109,1.0,3.0,0.121627462042215,1,1,0.0
180.0,67.0592103638192,1.0,2.0,4.6434025833232,1,1,0.0
181.0,69.5851170379737,1.0,3.0,7.59843307204568,1,1,198.0
182.0,71.2437485679817,1.0,4.0,4.93012532135291,1,1,155.0
183.0,80.9351640757141,1.0,5.0,0.620462885055489,1,1,0.0
184.0,75.1835364127286,1.0,4.0,0.0522236039852261,1,1,0.0
185.0,68.3107855408523,1.0,3.0,0.183439490381039,1,1,0.0
186.0,73.3452143477629,1.0,2.0,5.57158248787091,1,1,0.0
187.0,74.9469585007623,1.0,3.0,9.12173403110623,1,1,285.0
188.0,79.3166260110234,1.0,4.0,6.72432577974523,1,1,253.0
189.0,78.8197494325049,1.0,5.0,1.38473033743749,1,1,39.0
190.0,77.6027654036064,0.75,5.0,0.0336827346605698,1,1,0.0
191.0,78.1809487564117,1.0,5.0,0.0449667269599737,1,1,0.0
192.0,69.8900030379365,1.0,4.0,0.0724438873621552,1,1,0.0
193.0,79.8876355776133,1.0,3.0,0.660524067005837,1,1,0.0
194.0,73.4669093607588,1.0,2.0,4.92297245646667,1,1,0.0
195.0,74.6743352003121,1.0,3.0,8.7632683815614,1,1,272.0
196.0,70.223439182269,1.0,4.0,4.48408680586114,1,1,167.0
197.0,70.7969691441912,1.0,5.0,0.0856998923608126,1,1,0.0
198.0,71.8608332624343,1.0,4.0,0.0555350552460317,1,1,0.0
199.0,69.5228211532924,1.0,3.0,0.497214708216873,1,1,0.0
200.0,76.4227934628483,1.0,2.0,6.80845879974093,1,1,0.0
201.0,80.6772452183833,1.0,3.0,9.37090580657511,1,1,372.0
202.0,70.9523182446795,1.0,4.0,5.21870158685406,1,1,188.0
203.0,69.1214957732358,1.0,5.0,0.0713044928956714,1,1,0.0
204.0,71.1551485699778,1.0,4.0,0.0459990463512133,1,1,0.0
205.0,60.0728844152684,1.0,3.0,0.115980422901981,1,1,0.0
206.0,68.0078907852721,1.0,2.0,6.81177523029036,1,1,0.0
207.0,84.4238898872739,1.0,3.0,9.87367767168168,1,1,425.0
208.0,83.4965695368692,1.0,4.0,7.16016624158672,1,1,267.0
209.0,84.1867556279165,1.0,5.0,2.63664048071474,1,1,108.0
210.0,84.1228599634402,0.75,5.0,0.034921152565851,1,1,0.0
211.0,80.3844255078447,1.0,5.0,0.0530066677244576,1,1,0.0
212.0,85.0284790532689,1.0,4.0,0.0820828317315703,1,1,0.0
213.0,86.496215915455,1.0,3.0,1.86853224160879,1,1,0.0
214.0,83.5583880607754,1.0,4.0,0.760130926218655,1,1,2.0
215.0,76.1107920593929,1.0,5.0,0.0506180574668784,1,1,0.0
216.0,81.2330054557729,1.0,4.0,0.083044940905112,1,1,0.0
217.0,84.6002645763266,1.0,3.0,2.38586902039645,1,1,0.0
218.0,88.9767705078068,1.0,4.0,2.91858515249851,1,1,44.0
219.0,91.1543449150383,1.0,5.0,0.187163608936299,1,1,0.0
220.0,83.1695445480843,1.0,4.0,0.0754311457165747,1,1,0.0
221.0,83.9140719210612,1.0,3.0,2.09121145552441,1,1,0.0
222.0,85.0254885613694,1.0,4.0,1.08425159030569,1,1,13.0
223.0,89.6629464431124,1.0,5.0,0.0556333211260883,1,1,0.0
224.0,87.9499978794377,1.0,4.0,0.0611403411138574,1,1,0.0
225.0,74.8042630878542,1.0,3.0,0.314721895287272,1,1,0.0
226.0,76.3484199459873,1.0,2.0,5.98306150041488,1,1,0.0
227.0,76.9917066095656,1.0,3.0,9.2165173885619,1,1,293.0
228.0,89.1543189656427,1.0,4.0,7.08121196691227,1,1,305.0
229.0,90.0933657163364,1.0,5.0,3.25359256527381,1,1,141.0
230.0,85.0228259747359,0.75,5.0,0.0376522556245415,1,1,0.0
231.0,86.4129400109443,1.0,5.0,0.0535676528276911,1,1,0.0
232.0,84.0251635339895,1.0,4.0,0.233216962313698,1,1,0.0
233.0,97.5093588629523,1.0,3.0,3.3727726325738,1,1,0.0
234.0,94.7108143260208,1.0,4.0,4.52460246892884,1,1,73.0
235.0,88.1678615169176,1.0,5.0,0.566522650553743,1,1,0.0
236.0,81.362982699358,1.0,4.0,0.0726482512034644,1,1,0.0
237.0,80.9051114409244,1.0,3.0,1.19896723319191,1,1,0.0
238.0,80.9392030947423,1.0,4.0,0.355963298473048,1,1,0.0
239.0,84.8891339829121,1.0,3.0,0.934330832322939,1,1,0.0
240.0,83.8124511773725,1.0,4.0,0.944857188924286,1,1,0.0
241.0,83.219555441915,1.0,5.0,0.0513051976396815,1,1,0.0
242.0,83.4249797982434,1.0,4.0,0.0884625580118954,1,1,0.0
243.0,82.731345340192,1.0,3.0,3.11780706654317,1,1,0.0
244.0,92.4493332943079,1.0,4.0,4.18617056375286,1,1,98.0
245.0,87.9273480802432,1.0,5.0,0.247662590879474,1,1,0.0
246.0,89.0966555716,1.0,4.0,0.0945507346564412,1,1,0.0
247.0,83.42590055394,1.0,3.0,2.33712896475776,1,1,0.0
248.0,84.6671512308166,1.0,4.0,1.54922935555914,1,1,14.0
249.0,95.4987412430768,1.0,5.0,0.0870226894778276,1,1,0.0
250.0,87.2814001462083,1.0,4.0,0.126935241223101,1,1,0.0
251.0,92.1475140108299,1.0,3.0,4.47069928543301,1,1,0.0
252.0,103.380214146289,1.0,4.0,8.12524951387062,1,1,177.0
253.0,101.96589595818,1.0,5.0,6.33537336409751,1,1,173.0
254.0,110.215515668064,0.75,5.0,1.75174873142158,1,1,39.0
255.0,96.7252267543079,0.5,5.0,0.0233188377233285,1,1,0.0
256.0,94.3198956335461,0.75,5.0,0.0392554479741196,1,1,0.0
257.0,94.8264552948802,1.0,5.0,0.0594896394953705,1,1,0.0
258.0,94.7750257530779,1.0,4.0,0.36475770499221,1,1,0.0
259.0,102.531800202261,1.0,3.0,4.71180486567292,1,1,0.0
260.0,95.1946911109023,1.0,4.0,6.03246101340586,1,1,137.0
261.0,94.1739209043224,1.0,5.0,1.78114295780968,1,1,87.0
262.0,89.4568016153079,0.75,5.0,0.0386323304507504,1,1,0.0
263.0,96.2847313307425,1.0,5.0,0.0957747354161785,1,1,0.0
264.0,106.710736298192,1.0,4.0,0.275512937357746,1,1,0.0
265.0,96.4221637980392,1.0,3.0,3.087581981763,1,1,0.0
266.0,91.4916310930095,1.0,4.0,4.06596769230172,1,1,45.0
267.0,91.6233357061993,1.0,5.0,0.583510665611871,1,1,7.0
268.0,90.0109252425442,1.0,4.0,0.165566957714016,1,1,0.0
269.0,94.6264064942462,1.0,3.0,4.85317142466331,1,1,0.0
270.0,102.67292086225,1.0,4.0,7.71543885657721,1,1,205.0
271.0,102.385503332178,1.0,5.0,5.26309360352482,1,1,161.0
272.0,94.5270031007022,0.75,5.0,0.231117430087579,1,1,0.0
273.0,96.9924023938656,1.0,5.0,0.0626693440029681,1,1,0.0
274.0,96.2349669343146,1.0,4.0,0.711629358399759,1,1,0.0
275.0,107.672600750203,1.0,3.0,6.47254588511053,1,1,0.0
276.0,111.780969393729,1.0,4.0,9.95610170091132,1,1,287.0
277.0,96.3252573467774,1.0,5.0,6.56413116746619,1,1,200.0
278.0,94.4444811310798,0.75,5.0,0.64616836247514,1,1,0.0
279.0,95.6249166071346,1.0,5.0,0.0817294370048171,1,1,0.0
280.0,103.173275032207,1.0,4.0,0.901968731318726,1,1,0.0
281.0,107.942340589388,1.0,5.0,0.268829532905156,1,1,0.0
282.0,107.120956058194,1.0,4.0,0.883006177054279,1,1,0.0
283.0,109.941417574134,1.0,5.0,0.629016549516483,1,1,0.0
284.0,112.573077951672,1.0,4.0,1.13480292470392,1,1,0.0
285.0,106.355690291274,1.0,5.0,0.347369356159663,1,1,0.0
286.0,98.3909798813052,1.0,4.0,1.39317836934128,1,1,0.0
287.0,106.466493225435,1.0,5.0,0.606431058617511,1,1,0.0
288.0,112.171862259147,1.0,4.0,0.857792061274485,1,1,0.0
289.0,104.198653197983,1.0,5.0,0.111599271873667,1,1,0.0
290.0,100.043218542955,1.0,4.0,0.141803094885405,1,1,0.0
291.0,96.1904250514903,1.0,3.0,4.65977731340027,1,1,0.0
292.0,105.417800511283,1.0,4.0,8.72705266402902,1,1,236.0
293.0,101.777200853123,1.0,5.0,6.2982222417379,1,1,233.0
294.0,97.9003383125693,0.75,5.0,0.511562918078813,1,1,12.0
295.0,98.6028990200444,1.0,5.0,0.0789242757255531,1,1,0.0
296.0,106.541841115481,1.0,4.0,0.723882172018362,1,1,0.0
297.0,105.79438892192,1.0,3.0,6.39612531291009,1,1,0.0
298.0,107.117857015675,1.0,4.0,9.87926655707759,1,1,263.0
299.0,103.745779024454,1.0,5.0,7.94442490247428,1,1,244.0
300.0,103.16017075959,0.75,5.0,1.94462859316107,1,1,76.0
301.0,99.4030371531293,0.5,5.0,0.0235644915112432,1,1,0.0
302.0,94.5631136440901,0.75,5.0,0.0430052035781686,1,1,0.0
303.0,101.683537440464,1.0,5.0,0.0964691884621684,1,1,0.0
304.0,112.224886009815,1.0,4.0,2.02588819244354,1,1,0.0
305.0,113.235773665411,1.0,5.0,1.46390098789799,1,1,0.0
306.0,112.487945186612,0.75,5.0,0.0435075571087417,1,1,0.0
307.0,106.582135443906,1.0,5.0,0.0675397642620689,1,1,0.0
308.0,98.6414001021839,1.0,4.0,0.151557957340423,1,1,0.0
309.0,95.9993625576472,1.0,3.0,3.64339683423829,1,1,0.0
310.0,95.4743891000821,1.0,4.0,5.95361909820874,1,1,119.0
311.0,102.096895170836,1.0,5.0,3.73942055923684,1,1,123.0
312.0,105.628879769845,0.75,5.0,0.213592719124612,1,1,0.0
313.0,101.731372413676,1.0,5.0,0.0613698278505564,1,1,0.0
314.0,97.0728199195962,1.0,4.0,1.47619115360418,1,1,0.0
315.0,110.866683954988,1.0,5.0,0.944076575151439,1,1,9.0
316.0,104.950828005686,0.75,5.0,0.0478911708986066,1,1,0.0
317.0,110.195491533812,1.0,5.0,0.0859733298932285,1,1,0.0
318.0,110.030090764879,1.0,4.0,1.11687708787834,1,1,0.0
319.0,108.440329639436,1.0,5.0,0.594555429724826,1,1,0.0
320.0,105.378798937096,1.0,4.0,0.444771275508735,1,1,0.0
321.0,102.332901840527,1.0,3.0,4.6563088316451,1,1,0.0
322.0,102.153628522456,1.0,4.0,8.11654006464739,1,1,187.0
323.0,104.811276322747,1.0,5.0,6.60153860030201,1,1,206.0
324.0,110.581701658028,0.75,5.0,1.71558515237161,1,1,84.0
325.0,93.9311638507038,0.5,5.0,0.0243338556619918,1,1,0.0
326.0,101.131721787538,0.75,5.0,0.0443979914950567,1,1,0.0
327.0,107.002050905798,1.0,5.0,0.0772186252049747,1,1,0.0
328.0,102.992891704002,1.0,4.0,0.638295621177786,1,1,0.0
329.0,105.131406529988,1.0,3.0,6.40426395125226,1,1,0.0
330.0,111.245341038352,1.0,4.0,10.2790840438109,1,1,293.0
331.0,109.857971842644,1.0,5.0,8.21112406169762,1,1,268.0
332.0,105.422173173037,0.75,5.0,2.15806325328782,1,1,65.0
333.0,100.288381349981,0.5,5.0,0.0242609655571896,1,1,0.0
334.0,95.8244829881322,0.75,5.0,0.0445803603886083,1,1,0.0
335.0,109.528202966432,1.0,5.0,0.070683846594634,1,1,0.0
336.0,103.77147880951,1.0,4.0,0.342111277080837,1,1,0.0
337.0,100.531855946193,1.0,3.0,4.21474370165599,1,1,0.0
338.0,98.4385677139036,1.0,4.0,5.90004556469801,1,1,126.0
339.0,86.7909562423148,1.0,5.0,1.02990930759438,1,1,0.0
340.0,102.19697763959,0.75,5.0,0.0444859688146256,1,1,0.0
341.0,97.0925405903539,1.0,5.0,0.059059943119085,1,1,0.0
342.0,93.2151382403564,1.0,4.0,0.244951701923117,1,1,0.0
343.0,98.1252565655677,1.0,3.0,5.14691055939499,1,1,0.0
344.0,104.050359602925,1.0,4.0,8.767117577881,1,1,210.0
345.0,103.306915739626,1.0,5.0,6.24424996257559,1,1,217.0
346.0,89.0949031702847,0.75,5.0,0.23651035187462,1,1,0.0
347.0,89.9360795710027,1.0,5.0,0.070677423127001,1,1,0.0
348.0,96.980583610115,1.0,4.0,0.220599225295021,1,1,0.0
349.0,95.0353773859593,1.0,3.0,2.74282150941779,1,1,0.0
350.0,91.9806167568355,1.0,4.0,4.3294293292473,1,1,70.0
351.0,89.3024935345188,1.0,5.0,0.49644114764769,1,1,0.0
352.0,95.5623319898793,1.0,4.0,0.182406686980065,1,1,0.0
353.0,92.3818396549219,1.0,3.0,2.14010839224226,1,1,0.0
354.0,86.7085361403419,1.0,4.0,1.59554650762041,1,1,32.0
355.0,86.7294195903508,1.0,5.0,0.0511573859038825,1,1,0.0
356.0,82.6458235812157,1.0,4.0,0.0743592761867597,1,1,0.0
357.0,82.7736359006491,1.0,3.0,2.2699191050644,1,1,0.0
358.0,85.9624950155519,1.0,4.0,1.40694841246867,1,1,13.0
359.0,84.1573066405502,1.0,5.0,0.0507236170115931,1,1,0.0
360.0,81.9374280055134,1.0,4.0,0.158896129297402,1,1,0.0
361.0,97.3350917347487,1.0,3.0,4.61667014177114,1,1,0.0
362.0,97.5784944347452,1.0,4.0,6.42801707495958,1,1,140.0
363.0,91.5969831232192,1.0,5.0,1.6952285503031,1,1,29.0
364.0,83.5927183527909,0.75,5.0,0.0365219228484945,1,1,0.0
365.0,88.0569537031826,1.0,5.0,0.0481981972591311,1,1,0.0
366.0,80.9613520453403,1.0,4.0,0.194786292167033,1,1,0.0
367.0,96.1358115288873,1.0,3.0,3.96506315774589,1,1,0.0
368.0,93.8955942175519,1.0,4.0,5.1731286290865,1,1,94.0
369.0,90.1632842009375,1.0,5.0,1.44652770151723,1,1,0.0
370.0,96.0831754166455,0.75,5.0,0.0390787972928087,1,1,0.0
371.0,91.508439776652,1.0,5.0,0.0448085961414673,1,1,0.0
372.0,78.0650526006545,1.0,4.0,0.0658604496457618,1,1,0.0
373.0,78.4864879055489,1.0,3.0,1.99216271087363,1,1,0.0
374.0,86.2260969557365,1.0,4.0,1.64235683960425,1,1,7.0
375.0,82.6626768402111,1.0,5.0,0.0468713981771307,1,1,0.0
376.0,77.041437926156,1.0,4.0,0.0725812974623088,1,1,0.0
377.0,77.6549364965985,1.0,3.0,1.25125386167639,1,1,0.0
378.0,82.4637485030847,1.0,4.0,0.738724117656383,1,1,0.0
379.0,86.9461550376981,1.0,3.0,2.52251979425738,1,1,0.0
380.0,87.9964731229486,1.0,4.0,2.60649734360732,1,1,59.0
381.0,82.8792682325802,1.0,5.0,0.0549806269081221,1,1,0.0
382.0,86.6424338554065,1.0,4.0,0.0761385200928724,1,1,0.0
383.0,83.4626326547071,1.0,3.0,0.316646635934359,1,1,0.0
384.0,72.0799307999512,1.0,2.0,5.87594222381107,1,1,0.0
385.0,75.1564942300946,1.0,3.0,8.73212526322794,1,1,294.0
386.0,68.6522079048785,1.0,4.0,4.67784211844914,1,1,168.0
387.0,73.2280020867094,1.0,5.0,0.0529856494985389,1,1,0.0
388.0,73.5659969327711,1.0,4.0,0.0603095657504499,1,1,0.0
389.0,70.5932172209231,1.0,3.0,0.0872803298227623,1,1,0.0
390.0,66.249028942146,1.0,2.0,5.13366689320663,1,1,0.0
391.0,72.3041271857003,1.0,3.0,8.66464137332693,1,1,246.0
392.0,82.7345248525905,1.0,4.0,7.14414680799748,1,1,273.0
393.0,76.4210305382739,1.0,5.0,1.44535839161894,1,1,67.0
394.0,74.2178919819774,0.75,5.0,0.0338116530091748,1,1,0.0
395.0,70.7513678012607,1.0,5.0,0.0442616327256564,1,1,0.0
396.0,66.1263854602034,1.0,4.0,0.0506254125430215,1,1,0.0
397.0,65.0982396176921,1.0,3.0,0.0800770146223111,1,1,0.0
398.0,64.0029175423726,1.0,2.0,3.79311751011455,1,1,0.0
399.0,66.5022212264364,1.0,3.0,5.80559891641538,1,1,135.0
400.0,64.7216321267455,1.0,4.0,0.77089226778368,1,1,0.0
401.0,62.9566393629161,1.0,5.0,0.0473668746895613,1,1,0.0
402.0,74.2056537839832,1.0,4.0,0.0637269754615654,1,1,0.0
403.0,76.4704128911756,1.0,3.0,0.338138963763589,1,1,0.0
404.0,72.9558121100329,1.0,2.0,6.19625248834255,1,1,0.0
405.0,76.7442403447481,1.0,3.0,9.04381799800388,1,1,290.0
406.0,64.217772850049,1.0,4.0,2.69563920230657,1,1,122.0
407.0,60.68137507196,1.0,5.0,0.0425073312845207,1,1,0.0
408.0,65.9459488826474,1.0,4.0,0.0549455353276828,1,1,0.0
409.0,68.2324173703121,1.0,3.0,0.436211862609258,1,1,0.0
410.0,77.984079093991,1.0,2.0,4.93637783283008,1,1,0.0
411.0,66.5827479513502,1.0,3.0,6.22825703280807,1,1,124.0
412.0,71.0950285299757,1.0,4.0,3.06709028418695,1,1,100.0
413.0,75.5670806106355,1.0,5.0,0.0429851553436697,1,1,0.0
414.0,64.8410737632487,1.0,4.0,0.0480759060461324,1,1,0.0
415.0,61.4591431794435,1.0,3.0,0.111076298090084,1,1,0.0
416.0,66.2082768196671,1.0,2.0,6.98783431351646,1,1,0.0
417.0,82.3939787657809,1.0,3.0,9.8057046931704,1,1,389.0
418.0,78.6887604186011,1.0,4.0,6.84621751500219,1,1,242.0
419.0,77.8462873660981,1.0,5.0,1.66272226500576,1,1,72.0
420.0,67.4771451449896,0.75,5.0,0.0318175408281643,1,1,0.0
421.0,63.3619732154038,1.0,5.0,0.0425452062665102,1,1,0.0
422.0,61.7637474485502,1.0,4.0,0.0500688348652482,1,1,0.0
423.0,66.7864125347006,1.0,3.0,0.638887210696744,1,1,0.0
424.0,78.5680479643978,1.0,2.0,6.8220541712268,1,1,0.0
425.0,76.4567892671809,1.0,3.0,9.35968901570205,1,1,327.0
426.0,69.3096763237643,1.0,4.0,5.17954932706972,1,1,184.0
427.0,64.7086711246428,1.0,5.0,0.0411111467781841,1,1,0.0
428.0,60.3056336572514,1.0,4.0,0.0449436020502633,1,1,0.0
429.0,56.8310304615599,1.0,3.0,0.147529349412378,1,1,0.0
430.0,66.7499842413377,1.0,2.0,5.37017350221121,1,1,0.0
431.0,76.6025684762001,1.0,3.0,9.3409520868733,1,1,300.0
432.0,80.3441680907526,1.0,4.0,6.76080606993651,1,1,242.0
433.0,77.5847275883052,1.0,5.0,1.3588222197547,1,1,50.0
434.0,74.4939944709847,0.75,5.0,0.0317565488720974,1,1,0.0
435.0,65.1764374686327,1.0,5.0,0.0419006304852866,1,1,0.0
436.0,62.0958345777834,1.0,4.0,0.0499743531537415,1,1,0.0
437.0,63.6663473711953,1.0,3.0,0.332146390970089,1,1,0.0
438.0,70.7526348036147,1.0,2.0,6.09038530965617,1,1,0.0
439.0,76.5956896694423,1.0,3.0,9.11378968511064,1,1,326.0
440.0,69.5735403133463,1.0,4.0,4.57142285364207,1,1,184.0
441.0,69.6689008454526,1.0,5.0,0.0629803650393669,1,1,0.0
442.0,75.8532885768387,1.0,4.0,0.0579297777008597,1,1,0.0
443.0,74.4444019663135,1.0,3.0,0.0868521606532806,1,1,0.0
444.0,64.9530460846042,1.0,2.0,3.42369981290179,1,1,0.0
445.0,60.8531590100833,1.0,3.0,2.06461325746689,1,1,69.0
446.0,60.9217012741082,1.0,4.0,0.0507576980730454,1,1,0.0
447.0,66.8454330487322,1.0,3.0,0.189385229198638,1,1,0.0
448.0,73.3246115203581,1.0,2.0,4.63147789217026,1,1,0.0
449.0,68.4577362502482,1.0,3.0,6.65863038141531,1,1,155.0
450.0,69.8427333222472,1.0,4.0,2.62639110790976,1,1,90.0
451.0,69.0792363978137,1.0,5.0,0.0474302985176163,1,1,0.0
452.0,79.1990213606713,1.0,4.0,0.0549706164564545,1,1,0.0
453.0,71.263188927425,1.0,3.0,0.0958516956516448,1,1,0.0
454.0,65.1246008269918,1.0,2.0,3.53922397925394,1,1,0.0
455.0,64.361471366178,1.0,3.0,4.49484897734886,1,1,114.0
456.0,62.0560209009517,1.0,4.0,0.313040705916433,1,1,0.0
457.0,67.0533771861944,1.0,3.0,0.124944385931913,1,1,0.0
458.0,68.6977118120809,1.0,2.0,3.44842948943071,1,1,0.0
459.0,60.294455207402,1.0,3.0,2.48107501022597,1,1,44.0
460.0,61.7529117810729,1.0,4.0,0.0691339279787269,1,1,0.0
461.0,73.1360203546411,1.0,3.0,0.0944276562945921,1,1,0.0
462.0,62.527450537341,1.0,2.0,3.93772708274802,1,1,0.0
463.0,72.5619351295743,1.0,3.0,8.33826302312653,1,1,250.0
464.0,68.3293622387046,1.0,4.0,3.91400902883335,1,1,149.0
465.0,68.8804472595176,1.0,5.0,0.0418015012517873,1,1,0.0
466.0,64.2613143969525,1.0,4.0,0.0510762534263511,1,1,0.0
467.0,64.6281542063539,1.0,3.0,0.398996850510297,1,1,0.0
468.0,77.6596923937899,1.0,2.0,6.46278760138114,1,1,0.0
469.0,80.6691491855467,1.0,3.0,9.43986015803916,1,1,370.0
470.0,71.3147510687057,1.0,4.0,5.01906841493726,1,1,195.0
471.0,70.1742365261708,1.0,5.0,0.0531954532721117,1,1,0.0
472.0,69.6532805181391,1.0,4.0,0.0551880097518169,1,1,0.0
473.0,70.2439330126017,1.0,3.0,0.172047883887282,1,1,0.0
474.0,72.8271943884043,1.0,2.0,5.63934874589447,1,1,0.0
475.0,73.4450630386806,1.0,3.0,9.20115199793783,1,1,248.0
476.0,81.4082993009781,1.0,4.0,6.82571742784291,1,1,260.0
477.0,64.1300038111536,1.0,5.0,0.282159198522954,1,1,0.0
478.0,64.7876392640694,1.0,4.0,0.0474229690968391,1,1,0.0
479.0,62.7678808838238,1.0,3.0,0.164880804497085,1,1,0.0
480.0,72.0824407899457,1.0,2.0,5.55777671104175,1,1,0.0
481.0,70.9009167831819,1.0,3.0,8.01695956372195,1,1,207.0
482.0,65.1333603880834,1.0,4.0,2.83513691903144,1,1,110.0
483.0,66.6320846527169,1.0,5.0,0.0435292653050731,1,1,0.0
484.0,64.2202835878351,1.0,4.0,0.0456019713570228,1,1,0.0
485.0,61.403178225382,1.0,3.0,0.0919773271655247,1,1,0.0
486.0,62.7953125653984,1.0,2.0,2.39325259323923,1,1,0.0
487.0,59.6600898347362,1.0,3.0,2.11375894506879,1,1,56.0
488.0,62.3258800969778,1.0,4.0,0.0485730899650392,1,1,0.0
489.0,62.019013839501,1.0,3.0,0.313732850332534,1,1,0.0
490.0,72.1359954701146,1.0,2.0,6.1378590993886,1,1,0.0
491.0,80.0381021993836,1.0,3.0,9.58421712732323,1,1,350.0
492.0,79.3639988621674,1.0,4.0,6.97931048176019,1,1,266.0
493.0,81.534075820571,1.0,5.0,1.96463035083649,1,1,85.0
494.0,74.5649285124417,0.75,5.0,0.034594583690959,1,1,0.0
495.0,75.4757513281214,1.0,5.0,0.0493538294866584,1,1,0.0
496.0,79.3298879512466,1.0,4.0,0.0680708980410047,1,1,0.0
497.0,77.676226987356,1.0,3.0,0.296029795718376,1,1,0.0
498.0,75.3642301205274,1.0,2.0,5.03619515171571,1,1,0.0
499.0,73.8840379104717,1.0,3.0,8.20759403610058,1,1,286.0
500.0,68.5798509307037,1.0,4.0,3.38045713180533,1,1,140.0
501.0,67.426415366338,1.0,5.0,0.0422871781053036,1,1,0.0
502.0,63.3042847386767,1.0,4.0,0.0605480425364148,1,1,0.0
503.0,76.3293720472117,1.0,3.0,0.4610188348492,1,1,0.0
504.0,77.3939448089294,1.0,2.0,6.58226046543775,1,1,0.0
505.0,83.961854202951,1.0,3.0,9.55203585154424,1,1,384.0
506.0,76.9329321411631,1.0,4.0,6.25706136968866,1,1,232.0
507.0,69.472191243629,1.0,5.0,0.391260375579904,1,1,0.0
508.0,75.0078809645465,1.0,4.0,0.0618468445061284,1,1,0.0
509.0,76.1994331974046,1.0,3.0,0.200359386607819,1,1,0.0
510.0,72.4767854037754,1.0,2.0,5.32952239389061,1,1,0.0
511.0,73.2085437172961,1.0,3.0,8.99646706474377,1,1,254.0
512.0,80.3800096490687,1.0,4.0,6.85904264534091,1,1,275.0
513.0,89.8617438711372,1.0,5.0,3.39443074605445,1,1,158.0
514.0,94.6064573819498,0.75,5.0,0.0365011704953107,1,1,0.0
515.0,79.524688777581,1.0,5.0,0.0528983007659859,1,1,0.0
516.0,85.3039001297751,1.0,4.0,0.130432081031897,1,1,0.0
517.0,92.7892205672085,1.0,3.0,4.08303839650091,1,1,0.0
518.0,96.3485770749352,1.0,4.0,5.81299646397216,1,1,126.0
519.0,91.2502061753141,1.0,5.0,1.51217660441172,1,1,40.0
520.0,98.0119257964733,0.75,5.0,0.0382000656096649,1,1,0.0
521.0,94.7018212432007,1.0,5.0,0.0615748822330568,1,1,0.0
522.0,99.8121641794782,1.0,4.0,0.137834471816759,1,1,0.0
523.0,89.7900092494171,1.0,3.0,2.95364011992051,1,1,0.0
524.0,92.9057911967743,1.0,4.0,4.54570776398605,1,1,96.0
525.0,100.170509106885,1.0,5.0,2.1672067291472,1,1,91.0
526.0,104.703982581165,0.75,5.0,0.0497490870731785,1,1,0.0
527.0,103.885062784354,1.0,5.0,0.0929688713945586,1,1,0.0
528.0,105.673098218804,1.0,4.0,0.433650972023527,1,1,0.0
529.0,103.057953833248,1.0,3.0,5.08527018764545,1,1,0.0
530.0,102.049411282933,1.0,4.0,7.88654859156999,1,1,194.0
531.0,100.500669175418,1.0,5.0,5.72324145660615,1,1,163.0
532.0,98.8094831559775,0.75,5.0,0.560620049436051,1,1,1.0
533.0,98.8833337159949,1.0,5.0,0.0661522362894814,1,1,0.0
534.0,100.289070112288,1.0,4.0,0.315136544445427,1,1,0.0
535.0,100.055347366561,1.0,3.0,4.74351032565069,1,1,0.0
536.0,101.680705394696,1.0,4.0,7.66287498017013,1,1,177.0
537.0,106.104899167116,1.0,5.0,6.49513865753607,1,1,185.0
538.0,115.887096852362,0.75,5.0,2.37448025786837,1,1,108.0
539.0,110.520921345658,0.5,5.0,0.0267834868805095,1,1,0.0
540.0,115.198870229796,0.75,5.0,0.0478873762982829,1,1,0.0
541.0,113.881338469532,1.0,5.0,0.0867586002811808,1,1,0.0
542.0,112.923266532843,1.0,4.0,1.2905674164254,1,1,0.0
543.0,112.211062136559,1.0,5.0,1.10214118840471,1,1,0.0
544.0,118.67420993806,0.75,5.0,0.0636114568182061,1,1,0.0
545.0,119.487820588568,1.0,5.0,0.248995858141262,1,1,0.0
546.0,125.314755160731,1.0,4.0,3.59418974499502,1,1,0.0
547.0,122.162864130958,1.0,5.0,5.43422224348552,1,1,96.0
548.0,119.086284600199,0.75,5.0,1.25943047616842,1,1,7.0
549.0,119.710144204783,0.5,5.0,0.0260776494134546,1,1,0.0
550.0,125.603255947509,0.75,5.0,0.052392196312669,1,1,0.0
551.0,119.345466149221,1.0,5.0,0.0893926134149495,1,1,0.0
552.0,110.284246181553,1.0,4.0,1.69461069618968,1,1,0.0
553.0,113.774722488406,1.0,5.0,2.47362950390056,1,1,19.0
554.0,113.18908320201,0.75,5.0,0.137680185726468,1,1,0.0
555.0,114.899971394347,1.0,5.0,0.102553352855105,1,1,0.0
556.0,110.742443662729,1.0,4.0,2.67036745703279,1,1,0.0
557.0,119.125913127343,1.0,5.0,3.49578722384414,1,1,36.0
558.0,115.439208925585,0.75,5.0,0.261060630031002,1,1,0.0
559.0,117.073935843445,1.0,5.0,0.321257788278362,1,1,0.0
560.0,126.630369899887,1.0,4.0,4.21149051298504,1,1,0.0
561.0,125.423951578307,1.0,5.0,6.23282187902921,1,1,102.0
562.0,126.348042206102,0.75,5.0,2.54895601183904,1,1,72.0
563.0,121.610593964746,0.5,5.0,0.0284793591661848,1,1,0.0
564.0,122.323284939713,0.75,5.0,0.0597658773935284,1,1,0.0
565.0,129.838504665717,1.0,5.0,0.440524981870159,1,1,0.0
566.0,129.483578695071,1.0,4.0,5.50591236074327,1,1,0.0
567.0,139.376733712269,1.0,5.0,9.42289840432225,1,1,238.0
568.0,130.440931559086,0.75,5.0,6.19982089504354,1,1,229.0
569.0,123.658297544365,0.5,5.0,0.228427797501964,1,1,0.0
570.0,122.549616905589,0.75,5.0,0.0690385935637198,1,1,0.0
571.0,131.463612464802,1.0,5.0,1.97862744911713,1,1,0.0
572.0,141.832719983161,0.75,5.0,1.45109482564266,1,1,24.0
573.0,139.527810183676,0.5,5.0,0.0282596767922832,1,1,0.0
574.0,135.010626072417,0.75,5.0,0.0743327538619958,1,1,0.0
575.0,136.264473681264,1.0,5.0,0.438843992615926,1,1,0.0
576.0,128.592476909682,1.0,4.0,3.76723199000987,1,1,0.0
577.0,132.446740259661,1.0,5.0,8.65162653153466,1,1,150.0
578.0,137.826121256296,0.75,5.0,6.35542769513045,1,1,177.0
579.0,132.333863213919,0.5,5.0,0.605844825390239,1,1,0.0
580.0,132.977466990451,0.75,5.0,0.06093343817394,1,1,0.0
581.0,134.955001942254,1.0,5.0,0.716482149896207,1,1,0.0
582.0,133.330768860098,1.0,4.0,5.74467647404116,1,1,0.0
583.0,139.152616142182,1.0,5.0,10.5724622646085,1,1,245.0
584.0,145.290755309403,0.75,5.0,9.12222559465331,1,1,292.0
585.0,146.726430493445,0.5,5.0,2.07196991725678,1,1,100.0
586.0,139.810898889822,0.25,5.0,0.0124019280210974,1,1,0.0
587.0,129.946007085564,0.5,5.0,0.032655308580644,1,1,0.0
588.0,138.103743805465,0.75,5.0,0.0797578848228687,1,1,0.0
589.0,143.979636356573,1.0,5.0,1.75002060846664,1,1,0.0
590.0,134.594513654271,0.75,5.0,0.399365856719357,1,1,0.0
591.0,130.261024924683,1.0,5.0,0.821381769680377,1,1,0.0
592.0,136.203062313867,0.75,5.0,0.740134328271145,1,1,0.0
593.0,141.056961316335,1.0,5.0,1.20863537127174,1,1,0.0
594.0,134.358812265483,0.75,5.0,0.371133594592876,1,1,0.0
595.0,142.360245794087,1.0,5.0,2.76945538524709,1,1,0.0
596.0,145.566063016761,0.75,5.0,2.07730889287008,1,1,32.0
597.0,144.736893229642,0.5,5.0,0.0359789871057164,1,1,0.0
598.0,145.37051589906,0.75,5.0,0.111151359332947,1,1,0.0
599.0,144.470405728028,1.0,5.0,2.78868815312375,1,1,0.0
600.0,148.357295234268,0.75,5.0,3.08757007830962,1,2,48.0
601.0,147.216833519233,0.5,5.0,0.244011319720477,1,2,0.0
602.0,151.145615457413,0.75,5.0,0.102242078081447,1,2,0.0
603.0,147.810177502478,1.0,5.0,2.57930806870417,1,2,0.0
604.0,138.235868824195,0.75,5.0,0.943037581655807,1,2,0.0
605.0,137.925387892923,0.5,5.0,0.0331829019836455,1,2,0.0
606.0,144.742331283718,0.75,5.0,0.0659118326172737,1,2,0.0
607.0,138.742719683671,1.0,5.0,1.73492990642944,1,2,0.0
608.0,135.304158580278,0.75,5.0,0.766678682564602,1,2,0.0
609.0,136.754503285365,0.5,5.0,0.031751022438933,1,2,0.0
610.0,135.740976668308,0.75,5.0,0.0768064124961182,1,2,0.0
611.0,139.548512687085,1.0,5.0,0.686822744269302,1,2,0.0
612.0,130.616853407172,1.0,4.0,5.52823481728446,1,2,0.0
613.0,142.720690492436,1.0,5.0,10.6772875134241,1,2,234.0
614.0,138.562532876621,0.75,5.0,8.09289016954006,1,2,263.0
615.0,134.9343688178,0.5,5.0,1.12075743252734,1,2,65.0
616.0,136.03661043169,0.25,5.0,0.0127646698441959,1,2,0.0
617.0,139.86339370334,0.5,5.0,0.0388776119671629,1,2,0.0
618.0,147.464503404777,0.75,5.0,0.0703659571146936,1,2,0.0
619.0,134.488161431049,1.0,5.0,0.567471921081948,1,2,0.0
620.0,127.880483101264,1.0,4.0,4.25758111555913,1,2,0.0
621.0,131.447487426079,1.0,5.0,7.66107681323163,1,2,172.0
622.0,129.187976855143,0.75,5.0,4.87063826206818,1,2,168.0
623.0,139.260088382845,0.5,5.0,0.381908106299868,1,2,57.0
624.0,141.353327408442,0.75,5.0,0.0773339865520373,1,2,0.0
625.0,135.915868579863,1.0,5.0,1.98391970334688,1,2,0.0
626.0,140.451266338587,0.75,5.0,1.08894761812868,1,2,0.0
627.0,136.15842514448,0.5,5.0,0.0312036126698281,1,2,0.0
628.0,139.57065330014,0.75,5.0,0.0903677239847384,1,2,0.0
629.0,143.857545253688,1.0,5.0,1.11983155612482,1,2,0.0
630.0,134.904825975438,0.75,5.0,0.326795286529296,1,2,0.0
631.0,125.788105538428,1.0,5.0,0.516296635429123,1,2,0.0
632.0,127.111648939502,1.0,4.0,3.3320500530657,1,2,0.0
633.0,123.771658934333,1.0,5.0,5.87257847871823,1,2,111.0
634.0,128.200061108083,0.75,5.0,2.765488429629,1,2,142.0
635.0,133.259525209728,0.5,5.0,0.0304117598483994,1,2,0.0
636.0,130.370858525707,0.75,5.0,0.0792395822771373,1,2,0.0
637.0,135.340611844817,1.0,5.0,2.20837520852106,1,2,0.0
638.0,141.092135087561,0.75,5.0,1.16928270996683,1,2,40.0
639.0,136.869798179036,0.5,5.0,0.02878069583165,1,2,0.0
640.0,134.990564904076,0.75,5.0,0.0657468924670566,1,2,0.0
641.0,134.36683012298,1.0,5.0,1.2283338489286,1,2,0.0
642.0,139.683039232803,0.75,5.0,0.644612006755576,1,2,0.0
643.0,125.737510834052,1.0,5.0,0.439560107501357,1,2,0.0
644.0,127.875249544172,1.0,4.0,3.45307665340302,1,2,0.0
645.0,119.678358267146,1.0,5.0,3.95766919518105,1,2,40.0
646.0,117.301389616089,0.75,5.0,0.556699583910309,1,2,0.0
647.0,119.052519094359,1.0,5.0,0.147300477950893,1,2,0.0
648.0,117.166924570031,1.0,4.0,1.91546736233018,1,2,0.0
649.0,111.928525055166,1.0,5.0,2.00650322352069,1,2,8.0
650.0,120.064560304013,0.75,5.0,0.147680617910521,1,2,0.0
651.0,110.541245884823,1.0,5.0,0.13325776175402,1,2,0.0
652.0,116.028244419627,1.0,4.0,3.70562340533269,1,2,0.0
653.0,123.285292027641,1.0,5.0,4.11821696643972,1,2,75.0
654.0,109.115896170596,0.75,5.0,0.146368037424471,1,2,0.0
655.0,112.268618357716,1.0,5.0,0.0914333649402523,1,2,0.0
656.0,108.257505734008,1.0,4.0,1.96643202264067,1,2,0.0
657.0,115.671065998538,1.0,5.0,3.5281697463062,1,2,46.0
658.0,123.834550655355,0.75,5.0,0.885099284118415,1,2,6.0
659.0,116.094621574265,0.5,5.0,0.0257035562624604,1,2,0.0
660.0,121.594064011835,0.75,5.0,0.0418374236673624,1,2,0.0
661.0,104.66127592547,1.0,5.0,0.0827804578637299,1,2,0.0
662.0,107.81164363427,1.0,4.0,0.640997402626115,1,2,0.0
663.0,104.544487380692,1.0,3.0,4.85329954520079,1,2,0.0
664.0,104.402366849445,1.0,4.0,8.83795230279671,1,2,230.0
665.0,102.080228564934,1.0,5.0,6.67772755212201,1,2,198.0
666.0,101.45137028045,0.75,5.0,1.09119087030923,1,2,48.0
667.0,106.413564228848,0.5,5.0,0.0262044431343471,1,2,0.0
668.0,113.94970543468,0.75,5.0,0.043583791545329,1,2,0.0
669.0,110.703189021064,1.0,5.0,0.0998838294629697,1,2,0.0
670.0,111.259986731474,1.0,4.0,1.36663262065437,1,2,0.0
671.0,111.066892495892,1.0,5.0,1.04781565815615,1,2,0.0
672.0,109.752502596099,0.75,5.0,0.0459148650607538,1,2,0.0
673.0,109.887673991485,1.0,5.0,0.0689162103200329,1,2,0.0
674.0,99.1133679206334,1.0,4.0,0.0881262481362772,1,2,0.0
675.0,85.7869935279805,1.0,3.0,3.84353222484046,1,2,0.0
676.0,97.0493007142298,1.0,4.0,6.21745554430633,1,2,115.0
677.0,94.2037509116945,1.0,5.0,2.21143846153987,1,2,59.0
678.0,93.6247163774984,0.75,5.0,0.0386854526469753,1,2,0.0
679.0,91.6790041594491,1.0,5.0,0.0502627422957925,1,2,0.0
680.0,84.6109365428526,1.0,4.0,0.0942483068754357,1,2,0.0
681.0,88.8725391551295,1.0,3.0,3.27488554524979,1,2,0.0
682.0,94.0091774917463,1.0,4.0,4.56178904390026,1,2,107.0
683.0,88.5707769910707,1.0,5.0,0.566891658883709,1,2,0.0
684.0,97.498293933845,1.0,4.0,0.124009583247658,1,2,0.0
685.0,93.1954671069356,1.0,3.0,2.04224618756397,1,2,0.0
686.0,87.9094987282942,1.0,4.0,2.28504733861379,1,2,35.0
687.0,93.8425832512646,1.0,5.0,0.167175634207378,1,2,0.0
688.0,86.7011189094556,1.0,4.0,0.0610043330979948,1,2,0.0
689.0,77.6693591335702,1.0,3.0,3.43918893555764,1,2,0.0
690.0,90.8799494143021,1.0,4.0,3.41300800612131,1,2,71.0
691.0,82.7492911591664,1.0,5.0,0.0515369568985159,1,2,0.0
692.0,74.9372790134199,1.0,4.0,0.0602338277425807,1,2,0.0
693.0,74.8415708031338,1.0,3.0,1.07544573948315,1,2,0.0
694.0,82.0080339333867,1.0,4.0,1.21532589069543,1,2,15.0
695.0,71.9876861558543,1.0,5.0,0.0466045010519838,1,2,0.0
696.0,77.9544936434853,1.0,4.0,0.0580713398205103,1,2,0.0
697.0,69.3751904217456,1.0,3.0,0.109588778471282,1,2,0.0
698.0,66.8878161470609,1.0,2.0,4.01184058904034,1,2,0.0
699.0,66.8014003293022,1.0,3.0,6.06039836786607,1,2,158.0
700.0,66.2095126748998,1.0,4.0,2.01081362044713,1,2,45.0
701.0,65.322097960576,1.0,5.0,0.0428803371826623,1,2,0.0
702.0,61.8100237759147,1.0,4.0,0.0528922760989909,1,2,0.0
703.0,65.8948318812663,1.0,3.0,0.133675043032871,1,2,0.0
704.0,69.4191863167374,1.0,2.0,4.25449985430387,1,2,0.0
705.0,69.6054219885234,1.0,3.0,8.27783708644243,1,2,210.0
706.0,80.2483146248893,1.0,4.0,6.68053745220739,1,2,236.0
707.0,77.2759772759856,1.0,5.0,1.28644759743327,1,2,44.0
708.0,75.9655115018563,0.75,5.0,0.0310714471256467,1,2,0.0
709.0,69.1200791704125,1.0,5.0,0.0459637416337479,1,2,0.0
710.0,72.8106133865575,1.0,4.0,0.0503952791943102,1,2,0.0
711.0,68.7441987735847,1.0,3.0,0.0797896804216921,1,2,0.0
712.0,63.7553776140621,1.0,2.0,5.12156030508759,1,2,0.0
713.0,70.2926504675657,1.0,3.0,7.78581774423535,1,2,238.0
714.0,71.1061258021439,1.0,4.0,4.34362923197941,1,2,175.0
715.0,69.4477312023954,1.0,5.0,0.046356335887377,1,2,0.0
716.0,67.3322996782476,1.0,4.0,0.0475022510571357,1,2,0.0
717.0,62.9782637595412,1.0,3.0,0.156486401802653,1,2,0.0
718.0,71.9508806819604,1.0,2.0,5.83330685586262,1,2,0.0
719.0,74.6812707919713,1.0,3.0,9.18685365999886,1,2,272.0
720.0,77.7171152577551,1.0,4.0,6.76596658586811,1,2,241.0
721.0,77.2342658131722,1.0,5.0,1.54192966021453,1,2,50.0
722.0,76.8465463983025,0.75,5.0,0.0334582656708209,1,2,0.0
723.0,76.9226715050235,1.0,5.0,0.0419118363457743,1,2,0.0
724.0,65.1712180778285,1.0,4.0,0.0459479768085367,1,2,0.0
725.0,62.6874638890326,1.0,3.0,0.132130322275903,1,2,0.0
726.0,68.4607888786068,1.0,2.0,3.30729065486461,1,2,0.0
727.0,62.455778625222,1.0,3.0,3.3589644866595,1,2,87.0
728.0,60.5851816424077,1.0,4.0,0.0664043828134148,1,2,0.0
729.0,78.6909612098666,1.0,3.0,0.97875888439025,1,2,0.0
730.0,78.5210890882897,1.0,4.0,0.132178550150242,1,2,0.0
731.0,66.3309692639435,1.0,3.0,0.174453559881883,1,2,0.0
732.0,70.0981585494539,1.0,2.0,3.71976382872594,1,2,0.0
733.0,70.4756358560625,1.0,3.0,7.75327895761332,1,2,191.0
734.0,74.6148720676411,1.0,4.0,4.2924997643138,1,2,171.0
735.0,62.683532448958,1.0,5.0,0.0455520765970223,1,2,0.0
736.0,73.1032944607941,1.0,4.0,0.0564195178229725,1,2,0.0
737.0,68.9616904095869,1.0,3.0,0.0751789790236111,1,2,0.0
738.0,60.5247541037672,1.0,2.0,4.02940879108258,1,2,0.0
739.0,67.0546238023231,1.0,3.0,6.72863914684118,1,2,167.0
740.0,75.3600455649431,1.0,4.0,4.39884064829382,1,2,198.0
741.0,77.3519826337776,1.0,5.0,0.151661338922061,1,2,0.0
742.0,70.588353205611,1.0,4.0,0.0511412483354041,1,2,0.0
743.0,65.5735129192958,1.0,3.0,0.0982084038656831,1,2,0.0
744.0,63.7053246285319,1.0,2.0,3.81986707447214,1,2,0.0
745.0,68.9365582427591,1.0,3.0,6.20694851454285,1,2,167.0
746.0,66.3099025301341,1.0,4.0,1.20990913837823,1,2,45.0
747.0,67.4744467365773,1.0,5.0,0.0458139003847412,1,2,0.0
748.0,73.5830997414274,1.0,4.0,0.0528956863754988,1,2,0.0
749.0,70.1589902115618,1.0,3.0,0.507511452647236,1,2,0.0
750.0,76.3669107310812,1.0,2.0,3.3088078474858,1,2,0.0
751.0,61.7244246827086,1.0,3.0,4.39806662698628,1,2,108.0
752.0,63.5151691823861,1.0,4.0,0.30011958591171,1,2,0.0
753.0,65.8669835401131,1.0,3.0,0.08814900325116,1,2,0.0
754.0,61.2418467285533,1.0,2.0,4.31136624394656,1,2,0.0
755.0,66.0523631349137,1.0,3.0,5.33646479077978,1,2,153.0
756.0,64.7520870398525,1.0,4.0,1.07894685088831,1,2,8.0
757.0,69.015280073546,1.0,5.0,0.0455620654605862,1,2,0.0
758.0,72.1078200391875,1.0,4.0,0.0634158596128324,1,2,0.0
759.0,76.3815559051624,1.0,3.0,0.324030445523191,1,2,0.0
760.0,74.2842006419733,1.0,2.0,5.70380130288057,1,2,0.0
761.0,69.1748615097274,1.0,3.0,6.78625950642996,1,2,159.0
762.0,71.2518468216477,1.0,4.0,2.8492722706028,1,2,83.0
763.0,63.0020793313381,1.0,5.0,0.0407914656174724,1,2,0.0
764.0,60.3310829251567,1.0,4.0,0.0513863916892426,1,2,0.0
765.0,64.4382709353685,1.0,3.0,0.104008321455987,1,2,0.0
766.0,63.7408997469667,1.0,2.0,4.52227995321031,1,2,0.0
767.0,67.4625840733187,1.0,3.0,6.31882498202938,1,2,184.0
768.0,64.5021618425578,1.0,4.0,1.39472202573984,1,2,64.0
769.0,62.1738466484946,1.0,5.0,0.0466417802348226,1,2,0.0
770.0,75.0377327454018,1.0,4.0,0.0681126198875699,1,2,0.0
771.0,76.8557978065623,1.0,3.0,0.166522110509438,1,2,0.0
772.0,71.7583892337273,1.0,2.0,3.94937272104867,1,2,0.0
773.0,64.1833227284638,1.0,3.0,5.39507797798793,1,2,124.0
774.0,65.5524067439425,1.0,4.0,0.948621354103444,1,2,0.0
775.0,66.4435943418992,1.0,5.0,0.050531342419892,1,2,0.0
776.0,79.6161117020755,1.0,4.0,0.0555249264529248,1,2,0.0
777.0,70.7511811089621,1.0,3.0,0.109901284073455,1,2,0.0
778.0,66.2920371422331,1.0,2.0,3.50719368005549,1,2,0.0
779.0,65.1720989775636,1.0,3.0,5.37874483429552,1,2,133.0
780.0,67.2446187830208,1.0,4.0,1.01728027968488,1,2,22.0
781.0,59.4703349458359,1.0,5.0,0.0440157622696616,1,2,0.0
782.0,65.8818336893386,1.0,4.0,0.0524897420710265,1,2,0.0
783.0,67.774108124699,1.0,3.0,0.468104456110061,1,2,0.0
784.0,77.3510245241461,1.0,2.0,5.62220483454742,1,2,0.0
785.0,72.3669538318089,1.0,3.0,8.5943350663104,1,2,275.0
786.0,68.9633172871292,1.0,4.0,4.39315789708515,1,2,189.0
787.0,69.4606413933288,1.0,5.0,0.0487282726991966,1,2,0.0
788.0,76.7109792170572,1.0,4.0,0.0509917812000421,1,2,0.0
789.0,65.6319794193945,1.0,3.0,0.0817177921121684,1,2,0.0
790.0,64.7174752097206,1.0,2.0,3.1082259396197,1,2,0.0
791.0,61.1920258336309,1.0,3.0,4.0435864402333,1,2,99.0
792.0,62.9622599427021,1.0,4.0,0.183238293777918,1,2,0.0
793.0,72.2797789468298,1.0,3.0,0.931628907867267,1,2,0.0
794.0,79.5696026896258,1.0,4.0,0.179040447807218,1,2,0.0
795.0,79.7402202747757,1.0,3.0,0.169231033857237,1,2,0.0
796.0,73.6508540184409,1.0,2.0,7.00776581386611,1,2,0.0
797.0,86.5184045984411,1.0,3.0,9.39323917675968,1,2,432.0
798.0,78.5998365545559,1.0,4.0,6.93806404313759,1,2,248.0
799.0,72.5327728088988,1.0,5.0,0.933966000285396,1,2,2.0
800.0,63.8384604541482,0.75,5.0,0.0344029502058565,1,2,0.0
801.0,73.8543030604728,1.0,5.0,0.0471386085276986,1,2,0.0
802.0,77.2216623565369,1.0,4.0,0.0621699546725842,1,2,0.0
803.0,75.6488362386104,1.0,3.0,0.200747398788045,1,2,0.0
804.0,74.4668096460493,1.0,2.0,4.95073322250369,1,2,0.0
805.0,68.7117935871047,1.0,3.0,6.30100616245392,1,2,158.0
806.0,69.3085949833783,1.0,4.0,2.50628958807796,1,2,77.0
807.0,77.9491977555836,1.0,5.0,0.0475122896828662,1,2,0.0
808.0,75.3768847251567,1.0,4.0,0.0610491320341132,1,2,0.0
809.0,75.1472247056177,1.0,3.0,0.25254551452274,1,2,0.0
810.0,74.3143145206289,1.0,2.0,4.52289804004479,1,2,0.0
811.0,69.8424987277857,1.0,3.0,6.41344518197675,1,2,184.0
812.0,72.3460561842373,1.0,4.0,3.76616902062255,1,2,112.0
813.0,86.1702798518064,1.0,5.0,0.378861872665114,1,2,0.0
814.0,85.9299146449304,1.0,4.0,0.0673190275896464,1,2,0.0
815.0,78.6538073652639,1.0,3.0,0.133412742260907,1,2,0.0
816.0,70.5327024772364,1.0,2.0,4.87612478531872,1,2,0.0
817.0,74.0021490850646,1.0,3.0,9.08498332743711,1,2,266.0
818.0,77.4504452603194,1.0,4.0,6.64120408130011,1,2,240.0
819.0,80.5550835592818,1.0,5.0,1.46833500975304,1,2,54.0
820.0,83.0791427966358,0.75,5.0,0.0361150744498635,1,2,0.0
821.0,83.0585938239222,1.0,5.0,0.0467674015592094,1,2,0.0
822.0,72.6674433109132,1.0,4.0,0.0895323861524839,1,2,0.0
823.0,81.9597431018615,1.0,3.0,0.264424543810981,1,2,0.0
824.0,75.3991854599304,1.0,2.0,6.53695832187962,1,2,0.0
825.0,88.1820446336204,1.0,3.0,10.2128789663839,1,2,458.0
826.0,88.1575911967644,1.0,4.0,6.93271034990286,1,2,253.0
827.0,75.7446053319162,1.0,5.0,1.04392044761244,1,2,36.0
828.0,84.1837265792217,0.75,5.0,0.0373157795124599,1,2,0.0
829.0,87.3252519401537,1.0,5.0,0.0506348430370469,1,2,0.0
830.0,80.9671077928069,1.0,4.0,0.0794139438639096,1,2,0.0
831.0,84.7211773681319,1.0,3.0,1.11845001102866,1,2,0.0
832.0,82.0958295367634,1.0,4.0,0.770056920440818,1,2,0.0
833.0,91.4486651064535,1.0,5.0,0.0499756567552226,1,2,0.0
834.0,79.9585820650392,1.0,4.0,0.11843207890861,1,2,0.0
835.0,90.7203908709748,1.0,3.0,4.19138283390705,1,2,0.0
836.0,95.6471983453582,1.0,4.0,5.81641269907784,1,2,110.0
837.0,91.5565539012689,1.0,5.0,1.65283354676291,1,2,17.0
838.0,89.8278170471015,0.75,5.0,0.0406454431776974,1,2,0.0
839.0,95.2774000232442,1.0,5.0,0.0589413630539776,1,2,0.0
840.0,92.4091234720887,1.0,4.0,0.0942590136073932,1,2,0.0
841.0,85.703493115008,1.0,3.0,1.48405122429995,1,2,0.0
842.0,81.75848856342,1.0,4.0,0.787689069294361,1,2,0.0
843.0,89.4146306681912,1.0,5.0,0.0499160299333877,1,2,0.0
844.0,82.9657930749441,1.0,4.0,0.361827321430632,1,2,0.0
845.0,98.5277372259923,1.0,3.0,3.56864297754898,1,2,0.0
846.0,88.3835638201382,1.0,4.0,3.27074593041892,1,2,64.0
847.0,88.7981095806533,1.0,5.0,0.165982885228706,1,2,0.0
848.0,88.9378654151159,1.0,4.0,0.310328623919841,1,2,0.0
849.0,99.4352128284972,1.0,3.0,3.94931011132791,1,2,0.0
850.0,96.7187159182131,1.0,4.0,6.58942800117656,1,2,145.0
851.0,103.749418917455,1.0,5.0,4.74133840332073,1,2,139.0
852.0,98.6452824754204,0.75,5.0,0.203986719782786,1,2,0.0
853.0,88.3772790908251,1.0,5.0,0.0584243307693789,1,2,0.0
854.0,91.2618120322059,1.0,4.0,0.110892594461519,1,2,0.0
855.0,88.8181302315536,1.0,3.0,3.09428258445442,1,2,0.0
856.0,90.7082290088401,1.0,4.0,3.85695256953735,1,2,88.0
857.0,89.9863761039526,1.0,5.0,0.347968543434188,1,2,0.0
858.0,93.9746116411158,1.0,4.0,0.128929742771251,1,2,0.0
859.0,90.528763296359,1.0,3.0,3.02142315287911,1,2,0.0
860.0,94.5198264105162,1.0,4.0,6.14581682511929,1,2,91.0
861.0,102.082026295293,1.0,5.0,3.37839932842779,1,2,116.0
862.0,95.6758630665641,0.75,5.0,0.0392566171209321,1,2,0.0
863.0,96.0169272755667,1.0,5.0,0.0521329664500606,1,2,0.0
864.0,91.5281580525189,1.0,4.0,0.129391288493423,1,2,0.0
865.0,92.393366114391,1.0,3.0,3.99994538752655,1,2,0.0
866.0,94.0576199727721,1.0,4.0,5.5583310269669,1,2,116.0
867.0,88.7648751786612,1.0,5.0,1.07676691867692,1,2,24.0
868.0,94.52555542814,0.75,5.0,0.0383132837386628,1,2,0.0
869.0,92.7167043419782,1.0,5.0,0.0629609405261481,1,2,0.0
870.0,97.4596921137101,1.0,4.0,0.216708329762017,1,2,0.0
871.0,94.2931310211934,1.0,3.0,3.01293407506171,1,2,0.0
872.0,92.9935707055387,1.0,4.0,4.90813318080717,1,2,86.0
873.0,95.3668156705231,1.0,5.0,2.06315937426084,1,2,36.0
874.0,102.921308064374,0.75,5.0,0.0394829664921047,1,2,0.0
875.0,97.9517506166983,1.0,5.0,0.0853339527281108,1,2,0.0
876.0,109.766009787845,1.0,4.0,0.846671798268876,1,2,0.0
877.0,107.320918811482,1.0,5.0,0.646279140346534,1,2,0.0
878.0,104.419409144986,1.0,4.0,0.141152285398237,1,2,0.0
879.0,95.9508871883478,1.0,3.0,4.05306290630305,1,2,0.0
880.0,105.388581253439,1.0,4.0,8.22199194536602,1,2,193.0
881.0,103.26084213782,1.0,5.0,6.31191745141053,1,2,181.0
882.0,108.779356045943,0.75,5.0,1.29384507430523,1,2,31.0
883.0,105.573312021459,0.5,5.0,0.0251858942417639,1,2,0.0
884.0,103.0033764831,0.75,5.0,0.0469777173562939,1,2,0.0
885.0,109.700004343464,1.0,5.0,0.0897760529527667,1,2,0.0
886.0,107.834780935661,1.0,4.0,0.252596538136575,1,2,0.0
887.0,100.520320714868,1.0,3.0,5.14256531840744,1,2,0.0
888.0,108.689389595459,1.0,4.0,10.0948308594127,1,2,238.0
889.0,108.379250623089,1.0,5.0,7.84446914683637,1,2,257.0
890.0,94.346177734267,0.75,5.0,0.927300090785835,1,2,20.0
891.0,102.914264412703,0.5,5.0,0.0277745426659478,1,2,0.0
892.0,111.658537582641,0.75,5.0,0.0478042311124686,1,2,0.0
893.0,113.47863472692,1.0,5.0,0.0819150454963474,1,2,0.0
894.0,110.132076718251,1.0,4.0,1.44928198983858,1,2,0.0
895.0,111.684427543967,1.0,5.0,0.820558618739973,1,2,0.0
896.0,108.818716615737,0.75,5.0,0.0453204295689676,1,2,0.0
897.0,114.147068660645,1.0,5.0,0.102001474079133,1,2,0.0
898.0,109.439423397591,1.0,4.0,1.13483601950352,1,2,0.0
899.0,108.347230628332,1.0,5.0,0.774967793974734,1,2,0.0
900.0,113.488407662735,0.75,5.0,0.0499439787099838,1,2,0.0
901.0,114.346928805681,1.0,5.0,0.105637231482103,1,2,0.0
902.0,111.787428665225,1.0,4.0,0.489335769527866,1,2,0.0
903.0,102.174024537284,1.0,3.0,4.30010837683893,1,2,0.0
904.0,103.144709748381,1.0,4.0,9.13203834200838,1,2,193.0
905.0,114.129071575154,1.0,5.0,8.40031788674591,1,2,288.0
906.0,105.94588633117,0.75,5.0,2.05950207256214,1,2,101.0
907.0,102.380017067615,0.5,5.0,0.023323808510834,1,2,0.0
908.0,98.9640346674027,0.75,5.0,0.0413896840289489,1,2,0.0
909.0,105.045840882708,1.0,5.0,0.0655883265468311,1,2,0.0
910.0,100.59518847879,1.0,4.0,1.27093771226394,1,2,0.0
911.0,108.677346489175,1.0,5.0,1.24956307746378,1,2,0.0
912.0,110.693253695221,0.75,5.0,0.0465923417380444,1,2,0.0
913.0,111.090739445671,1.0,5.0,0.137703901191442,1,2,0.0
914.0,113.850612600568,1.0,4.0,2.02478806734727,1,2,0.0
915.0,111.789402318372,1.0,5.0,1.1471608000966,1,2,25.0
916.0,110.687997384252,0.75,5.0,0.0467959142705771,1,2,0.0
917.0,107.941200413643,1.0,5.0,0.06110001656574,1,2,0.0
918.0,100.933198868243,1.0,4.0,0.158810435360097,1,2,0.0
919.0,94.1295399315682,1.0,3.0,4.26457347948376,1,2,0.0
920.0,102.222159246366,1.0,4.0,8.47341836273285,1,2,194.0
921.0,110.698696168399,1.0,5.0,8.06213891174871,1,2,253.0
922.0,100.131685608469,0.75,5.0,1.56467410336317,1,2,111.0
923.0,102.124950534602,0.5,5.0,0.0251125214895787,1,2,0.0
924.0,105.558693176792,0.75,5.0,0.0393501837787385,1,2,0.0
925.0,98.8401674524046,1.0,5.0,0.0643484260686932,1,2,0.0
926.0,102.171926140002,1.0,4.0,0.325909937195851,1,2,0.0
927.0,101.491785101202,1.0,3.0,5.03282430053674,1,2,0.0
928.0,110.15448595693,1.0,4.0,10.3721075259275,1,2,265.0
929.0,114.803684399922,1.0,5.0,8.31832289183957,1,2,276.0
930.0,106.647567051577,0.75,5.0,2.24584804274107,1,2,85.0
931.0,108.711856514334,0.5,5.0,0.0246359299384194,1,2,0.0
932.0,107.429770857159,0.75,5.0,0.0439492495037744,1,2,0.0
933.0,113.024999805656,1.0,5.0,0.0873027904891959,1,2,0.0
934.0,108.251786916911,1.0,4.0,1.43632302165041,1,2,0.0
935.0,105.136791471339,1.0,5.0,0.194257423850522,1,2,0.0
936.0,90.1780559741969,1.0,4.0,0.217501906915507,1,2,0.0
937.0,98.583400721968,1.0,3.0,3.33152888840225,1,2,0.0
938.0,92.3573314249384,1.0,4.0,4.8096582628734,1,2,95.0
939.0,101.514222235121,1.0,5.0,2.40145931393344,1,2,76.0
940.0,101.504259072234,0.75,5.0,0.0436924114130672,1,2,0.0
941.0,102.981463419618,1.0,5.0,0.0748242496920463,1,2,0.0
942.0,100.248990914521,1.0,4.0,1.33793077619705,1,2,0.0
943.0,107.171357647726,1.0,5.0,0.493682953417151,1,2,0.0
944.0,101.198626698765,1.0,4.0,0.206880444009432,1,2,0.0
945.0,100.41265111817,1.0,3.0,4.07586155525364,1,2,0.0
946.0,102.758053705731,1.0,4.0,8.06344678505594,1,2,190.0
947.0,105.752439240031,1.0,5.0,6.96176300980969,1,2,191.0
948.0,101.785409933392,0.75,5.0,1.27664283722434,1,2,30.0
949.0,104.039546261572,0.5,5.0,0.0234990606318251,1,2,0.0
950.0,100.232809053984,0.75,5.0,0.0373136596170042,1,2,0.0
951.0,103.339032072314,1.0,5.0,0.06897720404573,1,2,0.0
952.0,99.792474157956,1.0,4.0,1.00397338725212,1,2,0.0
953.0,108.120260365635,1.0,5.0,0.822112524702452,1,2,0.0
954.0,103.995135337003,0.75,5.0,0.0378603874106768,1,2,0.0
955.0,92.5422081077332,1.0,5.0,0.050083974137088,1,2,0.0
956.0,86.0465510784664,1.0,4.0,0.16714573564637,1,2,0.0
957.0,94.6271541336555,1.0,3.0,4.50068662159726,1,2,0.0
958.0,97.847170485283,1.0,4.0,5.96458379333107,1,2,122.0
959.0,91.2603185959626,1.0,5.0,1.31038149061925,1,2,32.0
960.0,89.9073934560626,0.75,5.0,0.0385604117264255,1,2,0.0
961.0,90.1458622443265,1.0,5.0,0.051853884591736,1,2,0.0
962.0,85.1940341610772,1.0,4.0,0.171271867921296,1,2,0.0
963.0,91.3473695450386,1.0,3.0,3.84503793274727,1,2,0.0
964.0,93.8933288104772,1.0,4.0,6.05847280479912,1,2,109.0
965.0,98.1488806928364,1.0,5.0,2.4705611438167,1,2,96.0
966.0,87.4441566879892,0.75,5.0,0.038642347956543,1,2,0.0
967.0,95.7451498715576,1.0,5.0,0.0607296603224158,1,2,0.0
968.0,93.9269357975539,1.0,4.0,0.278567741314691,1,2,0.0
969.0,97.4918014913682,1.0,3.0,3.7577587214407,1,2,0.0
970.0,93.4559538400107,1.0,4.0,4.67778867102117,1,2,69.0
971.0,86.7907562187866,1.0,5.0,0.316235759563614,1,2,0.0
972.0,91.6765735845017,1.0,4.0,0.135683078445328,1,2,0.0
973.0,92.3574028265526,1.0,3.0,2.65748200555492,1,2,0.0
974.0,89.0651223748863,1.0,4.0,2.65885306617349,1,2,38.0
975.0,95.2723691811891,1.0,5.0,0.257756415334,1,2,0.0
976.0,84.2081914205142,1.0,4.0,0.0675858036563328,1,2,0.0
977.0,77.3867590256605,1.0,3.0,1.17334470703173,1,2,0.0
978.0,83.2662794615301,1.0,4.0,1.19583436539011,1,2,9.0
979.0,84.3369796528491,1.0,5.0,0.0487512177171887,1,2,0.0
980.0,77.4277885100895,1.0,4.0,0.0665057462129601,1,2,0.0
981.0,76.8762075510851,1.0,3.0,0.353676319182577,1,2,0.0
982.0,74.2412851774054,1.0,2.0,4.5025021595434,1,2,0.0
983.0,72.3788862737312,1.0,3.0,8.04301700155451,1,2,193.0
984.0,72.1807270887604,1.0,4.0,5.07257828694275,1,2,140.0
985.0,73.073808521664,1.0,5.0,0.492513544139077,1,2,0.0
986.0,69.7111445701947,1.0,4.0,0.0562553267371249,1,2,0.0
987.0,72.1324337678499,1.0,3.0,0.161296211361706,1,2,0.0
988.0,69.4182953043077,1.0,2.0,5.89838749116001,1,2,0.0
989.0,74.6600824997495,1.0,3.0,8.76845630061021,1,2,267.0
990.0,75.2496741244644,1.0,4.0,6.37592721986565,1,2,211.0
991.0,82.4410790203252,1.0,5.0,1.68613385361787,1,2,65.0
992.0,76.2045935380727,0.75,5.0,0.0315542954659025,1,2,0.0
993.0,71.693610083205,1.0,5.0,0.0482374235906189,1,2,0.0
994.0,76.8381146926959,1.0,4.0,0.066378685630369,1,2,0.0
995.0,78.9489335856132,1.0,3.0,0.413402783518939,1,2,0.0
996.0,74.3435052084953,1.0,2.0,6.11087783121759,1,2,0.0
997.0,81.7847966721213,1.0,3.0,9.67869099089124,1,2,376.0
998.0,84.9498437471354,1.0,4.0,7.17877711279049,1,2,283.0
999.0,80.7128141777092,1.0,5.0,2.15118285793344,1,2,87.0
1000.0,70.006900176542,0.75,5.0,0.0325407035465072,1,2,0.0
1001.0,69.3338722095855,1.0,5.0,0.0421872874737874,1,2,0.0
1002.0,60.1579579254928,1.0,4.0,0.0487471653326051,1,2,0.0
1003.0,62.4831732833176,1.0,3.0,0.0804524685191437,1,2,0.0
1004.0,61.8003647790837,1.0,2.0,3.97747540370886,1,2,0.0
1005.0,65.7508932255835,1.0,3.0,5.11087888321246,1,2,129.0
1006.0,65.1592222502692,1.0,4.0,0.641732543513637,1,2,0.0
1007.0,64.9830118457843,1.0,3.0,0.192518954766767,1,2,0.0
1008.0,71.9812328940733,1.0,2.0,3.84398566005537,1,2,0.0
1009.0,65.5539934401048,1.0,3.0,6.00690178334433,1,2,158.0
1010.0,73.6321656312216,1.0,4.0,2.82739531235837,1,2,114.0
1011.0,78.4469194801709,1.0,5.0,0.0463187675783399,1,2,0.0
1012.0,73.8406209926696,1.0,4.0,0.0615534176017194,1,2,0.0
1013.0,78.6204749677636,1.0,3.0,0.208652627663633,1,2,0.0
1014.0,72.560886055237,1.0,2.0,4.05161869019657,1,2,0.0
1015.0,65.344972815669,1.0,3.0,4.90392224393452,1,2,135.0
1016.0,61.7091890555317,1.0,4.0,0.336760385822584,1,2,0.0
1017.0,66.4192768820643,1.0,3.0,0.0886266705614848,1,2,0.0
1018.0,64.8602233879182,1.0,2.0,2.93684257554423,1,2,0.0
1019.0,66.630727404546,1.0,3.0,5.77220539039938,1,2,137.0
1020.0,65.2517591933142,1.0,4.0,1.09794815391908,1,2,25.0
1021.0,70.3657091576822,1.0,5.0,0.0469607696754311,1,2,0.0
1022.0,76.1092625740673,1.0,4.0,0.0526796651167362,1,2,0.0
1023.0,70.6161281843577,1.0,3.0,0.0990193837542935,1,2,0.0
1024.0,66.8059178845438,1.0,2.0,5.81388020494578,1,2,0.0
1025.0,76.7210204300649,1.0,3.0,9.49031890909309,1,2,323.0
1026.0,79.0573352435508,1.0,4.0,6.91672186007214,1,2,250.0
1027.0,78.0089929911564,1.0,5.0,1.43385414846976,1,2,73.0
1028.0,65.0048414833831,0.75,5.0,0.0304866099206949,1,2,0.0
1029.0,65.7742874671379,1.0,5.0,0.0424213344000486,1,2,0.0
1030.0,67.917717382614,1.0,4.0,0.0721084240260089,1,2,0.0
1031.0,78.8250019247151,1.0,3.0,0.262448059581805,1,2,0.0
1032.0,70.5376174386038,1.0,2.0,4.1488354378151,1,2,0.0
1033.0,67.0816780710683,1.0,3.0,6.64761976238697,1,2,178.0
1034.0,68.4968851973288,1.0,4.0,2.44873713726554,1,2,114.0
1035.0,62.1611856972767,1.0,5.0,0.0461766448366441,1,2,0.0
1036.0,74.4505088433308,1.0,4.0,0.0705950171079005,1,2,0.0
1037.0,80.3775912051432,1.0,3.0,0.151707112756278,1,2,0.0
1038.0,64.9845754741437,1.0,2.0,4.27196884630361,1,2,0.0
1039.0,67.4679001889112,1.0,3.0,6.6818040701694,1,2,183.0
1040.0,75.0122800503702,1.0,4.0,4.46111773156709,1,2,182.0
1041.0,73.889955915303,1.0,5.0,0.0903534283067955,1,2,0.0
1042.0,60.1642985532804,1.0,4.0,0.0466849712085062,1,2,0.0
1043.0,64.426244194518,1.0,3.0,0.170087242235853,1,2,0.0
1044.0,70.5721941735203,1.0,2.0,4.40730054379518,1,2,0.0
1045.0,70.6178342747269,1.0,3.0,7.36025779716402,1,2,202.0
1046.0,78.4764409383065,1.0,4.0,5.70358080045286,1,2,204.0
1047.0,77.739607352633,1.0,5.0,0.958965923820278,1,2,13.0
1048.0,75.834738822651,0.75,5.0,0.0341882984731104,1,2,0.0
1049.0,72.6199911302702,1.0,5.0,0.0497764494957439,1,2,0.0
1050.0,79.7962853718783,1.0,4.0,0.0569180606448928,1,2,0.0
1051.0,72.5104092180014,1.0,3.0,0.0881340488918209,1,2,0.0
1052.0,63.1018241215779,1.0,2.0,3.85954459830613,1,2,0.0
1053.0,64.2738898571278,1.0,3.0,4.15557296342406,1,2,120.0
1054.0,59.4883593306084,1.0,4.0,0.0462708170033313,1,2,0.0
1055.0,59.0573693774753,1.0,3.0,0.107476119402734,1,2,0.0
1056.0,65.5790010455948,1.0,2.0,4.22757680097399,1,2,0.0
1057.0,65.9465503420755,1.0,3.0,5.8621611410805,1,2,153.0
1058.0,63.5909166882397,1.0,4.0,0.946604817128287,1,2,0.0
1059.0,68.3946935696826,1.0,5.0,0.0476112211947159,1,2,0.0
1060.0,78.5941387744699,1.0,4.0,0.0652852311030572,1,2,0.0
1061.0,77.5878577390739,1.0,3.0,0.855397415036236,1,2,0.0
1062.0,78.7260894216647,1.0,4.0,0.291229231744238,1,2,0.0
1063.0,75.5134815308337,1.0,3.0,1.24895484322311,1,2,0.0
1064.0,80.3544822325836,1.0,4.0,0.637498684154772,1,2,0.0
1065.0,78.1173490091976,1.0,3.0,0.251695992882032,1,2,0.0
1066.0,75.2157357129898,1.0,2.0,5.91161917314222,1,2,0.0
1067.0,67.3470577950472,1.0,3.0,6.78967449651342,1,2,192.0
1068.0,62.5461704408701,1.0,4.0,1.12447747910878,1,2,45.0
1069.0,67.1567955829261,1.0,5.0,0.044706677842216,1,2,0.0
1070.0,66.4458122191266,1.0,4.0,0.0667654080948266,1,2,0.0
1071.0,79.7152809586728,1.0,3.0,0.515568202633849,1,2,0.0
1072.0,72.3391934929668,1.0,2.0,3.79240175591616,1,2,0.0
1073.0,68.1524456483565,1.0,3.0,8.07793662226593,1,2,197.0
1074.0,85.689251984879,1.0,4.0,6.83504420428809,1,2,255.0
1075.0,75.3600729798302,1.0,5.0,1.12130586741115,1,2,30.0
1076.0,66.673076298815,0.75,5.0,0.030636703718864,1,2,0.0
1077.0,61.5081593510599,1.0,5.0,0.0419503581054367,1,2,0.0
1078.0,61.4235823172205,1.0,4.0,0.0493261684460132,1,2,0.0
1079.0,63.2322373836165,1.0,3.0,0.415052446851903,1,2,0.0
1080.0,75.8573719952713,1.0,2.0,6.75998989708672,1,2,0.0
1081.0,76.3475705790787,1.0,3.0,9.16084266576971,1,2,332.0
1082.0,69.5067027031786,1.0,4.0,4.6701876665762,1,2,166.0
1083.0,63.4533962062553,1.0,5.0,0.0398872356920783,1,2,0.0
1084.0,57.4115106513404,1.0,4.0,0.0476599383275352,1,2,0.0
1085.0,62.1347967502982,1.0,3.0,0.757872531839171,1,2,0.0
1086.0,73.9466268332857,1.0,4.0,0.0475190365316339,1,2,0.0
1087.0,62.1073106779052,1.0,3.0,0.109958833744088,1,2,0.0
1088.0,68.450398486396,1.0,2.0,3.98445510953747,1,2,0.0
1089.0,66.2623226551912,1.0,3.0,6.2840471425786,1,2,170.0
1090.0,76.7554837832204,1.0,4.0,3.93825665065629,1,2,148.0
1091.0,71.9079742787063,1.0,5.0,0.0423782567775841,1,2,0.0
1092.0,61.1393880363054,1.0,4.0,0.052906069548575,1,2,0.0
1093.0,66.313646028835,1.0,3.0,0.627290526111745,1,2,0.0
1094.0,78.8154841127079,1.0,2.0,6.03091796079553,1,2,0.0
1095.0,75.5691610743295,1.0,3.0,9.00601778270709,1,2,307.0
1096.0,76.3069398236259,1.0,4.0,5.82601199293447,1,2,216.0
1097.0,64.9988219360862,1.0,5.0,0.0509519546335256,1,2,0.0
1098.0,68.0739869042802,1.0,4.0,0.0515024667812151,1,2,0.0
1099.0,68.536128105898,1.0,3.0,0.134504179483555,1,2,0.0
1100.0,70.9039217461014,1.0,2.0,5.57315184604634,1,2,0.0
1101.0,77.1362412126479,1.0,3.0,9.27664727997786,1,2,335.0
1102.0,81.775666196614,1.0,4.0,6.90892622692923,1,2,260.0
1103.0,78.3551942755549,1.0,5.0,1.36629662947293,1,2,53.0
1104.0,72.1738923547763,0.75,5.0,0.0319032779527026,1,2,0.0
1105.0,72.6394875336466,1.0,5.0,0.0465343164030243,1,2,0.0
1106.0,73.9442718448869,1.0,4.0,0.0742161632462446,1,2,0.0
1107.0,80.3001895079708,1.0,3.0,2.50100786284874,1,2,0.0
1108.0,87.9294129917179,1.0,4.0,3.01698282425968,1,2,45.0
1109.0,86.3034583896719,1.0,5.0,0.0688891450277438,1,2,0.0
1110.0,77.7330095417816,1.0,4.0,0.0798596301193926,1,2,0.0
1111.0,82.7124973571982,1.0,3.0,0.333944643837766,1,2,0.0
1112.0,73.9552975098294,1.0,2.0,5.33908884571398,1,2,0.0
1113.0,75.2848183040265,1.0,3.0,8.79767568310307,1,2,281.0
1114.0,76.3127917347156,1.0,4.0,6.58091995560959,1,2,243.0
1115.0,78.8967497425386,1.0,5.0,1.23361786573066,1,2,49.0
1116.0,84.9928179407372,0.75,5.0,0.0355284730709401,1,2,0.0
1117.0,83.8550321131862,1.0,5.0,0.0597649683674175,1,2,0.0
1118.0,91.0618103682332,1.0,4.0,0.122710076066332,1,2,0.0
1119.0,90.8596382240333,1.0,3.0,1.83497346097022,1,2,0.0
1120.0,85.4529758020509,1.0,4.0,2.80623039818502,1,2,0.0
1121.0,99.1456190259731,1.0,5.0,0.581324677455451,1,2,0.0
1122.0,104.259408833311,1.0,4.0,0.860464576328682,1,2,0.0
1123.0,104.397086069579,1.0,5.0,0.21523858964738,1,2,0.0
1124.0,92.817147736023,1.0,4.0,0.118604845585579,1,2,0.0
1125.0,88.786002510654,1.0,3.0,2.37805903618173,1,2,0.0
1126.0,86.1539456992058,1.0,4.0,2.68267506497979,1,2,31.0
1127.0,90.6450117665282,1.0,5.0,0.129623918307961,1,2,0.0
1128.0,91.0490351669781,1.0,4.0,0.27756386820832,1,2,0.0
1129.0,98.5235776927875,1.0,3.0,5.41074917646971,1,2,0.0
1130.0,109.724605299257,1.0,4.0,9.97942666417856,1,2,260.0
1131.0,110.99944335973,1.0,5.0,8.34626361945461,1,2,269.0
1132.0,111.412606067969,0.75,5.0,3.02604021600578,1,2,148.0
1133.0,110.665966326037,0.5,5.0,0.0259604179162545,1,2,0.0
1134.0,110.786692644644,0.75,5.0,0.0474186946098045,1,2,0.0
1135.0,114.038540723255,1.0,5.0,0.107948930814379,1,2,0.0
1136.0,107.738313644681,1.0,4.0,0.304037976131649,1,2,0.0
1137.0,102.699248366793,1.0,3.0,5.71069298344887,1,2,0.0
1138.0,111.120948511312,1.0,4.0,10.0782082558481,1,2,276.0
1139.0,114.274759222633,1.0,5.0,8.67884916331471,1,2,293.0
1140.0,119.149138521982,0.75,5.0,3.81877244392124,1,2,168.0
1141.0,121.646349074606,0.5,5.0,0.0275290516939795,1,2,0.0
1142.0,118.70935943488,0.75,5.0,0.046114385186315,1,2,0.0
1143.0,109.848894357135,1.0,5.0,0.0878939259054661,1,2,0.0
1144.0,107.343678284686,1.0,4.0,0.523432047008053,1,2,0.0
1145.0,106.319214422646,1.0,3.0,5.53050963590986,1,2,0.0
1146.0,110.760216373785,1.0,4.0,10.3588183231647,1,2,270.0
1147.0,121.568783450225,1.0,5.0,9.70092626582323,1,2,317.0
1148.0,127.69742642662,0.75,5.0,5.51325515471539,1,2,234.0
1149.0,117.574366597466,0.5,5.0,0.0725689493779667,1,2,0.0
1150.0,113.526516293753,0.75,5.0,0.0646898407911578,1,2,0.0
1151.0,123.69168624039,1.0,5.0,0.544391723623263,1,2,0.0
1152.0,128.918519972861,1.0,4.0,2.89190547028627,1,2,0.0
1153.0,114.379907667605,1.0,5.0,2.40974768712867,1,2,23.0
1154.0,112.800768779844,0.75,5.0,0.0562335619616875,1,2,0.0
1155.0,120.744346193329,1.0,5.0,0.121707132645443,1,2,0.0
1156.0,114.396514034701,1.0,4.0,2.8146679441002,1,2,0.0
1157.0,122.173675784338,1.0,5.0,5.48253524081193,1,2,82.0
1158.0,126.293500021442,0.75,5.0,1.66853211331742,1,2,38.0
1159.0,120.34134546088,0.5,5.0,0.0270104338847179,1,2,0.0
1160.0,126.145983406754,0.75,5.0,0.0676814675755307,1,2,0.0
1161.0,135.55636502954,1.0,5.0,1.4509503538727,1,2,0.0
1162.0,135.141170967993,0.75,5.0,0.509844998245008,1,2,0.0
1163.0,132.09695822251,1.0,5.0,0.271322660104017,1,2,0.0
1164.0,125.308731801239,1.0,4.0,3.42521696750355,1,2,0.0
1165.0,124.237157266458,1.0,5.0,6.73762500166229,1,2,98.0
1166.0,138.299819159369,0.75,5.0,4.86723607520578,1,2,167.0
1167.0,137.362711212992,0.5,5.0,0.176453398300344,1,2,0.0
1168.0,128.608636690426,0.75,5.0,0.0597406438830466,1,2,0.0
1169.0,128.888884450928,1.0,5.0,2.07996351399487,1,2,0.0
1170.0,136.798570767964,0.75,5.0,0.869879147791836,1,2,0.0
1171.0,133.827782399559,0.5,5.0,0.0343370946623467,1,2,0.0
1172.0,142.614193008711,0.75,5.0,0.0644231503800592,1,2,0.0
1173.0,134.169107430492,1.0,5.0,0.908865675777341,1,2,0.0
1174.0,136.35964837252,0.75,5.0,0.481727629862857,1,2,0.0
1175.0,139.016022950846,1.0,5.0,0.876587972783506,1,2,0.0
1176.0,131.859376347969,0.75,5.0,0.325993728357198,1,2,0.0
1177.0,129.583634665814,1.0,5.0,1.13923445825669,1,2,0.0
1178.0,136.553224764272,0.75,5.0,0.533233906728782,1,2,0.0
1179.0,140.391617696043,1.0,5.0,2.65708912421148,1,2,0.0
1180.0,145.432953314309,0.75,5.0,2.1803636671727,1,2,65.0
1181.0,145.672847992263,0.5,5.0,0.036424397563267,1,2,0.0
1182.0,141.647810449302,0.75,5.0,0.0740115587661293,1,2,0.0
1183.0,136.590314914068,1.0,5.0,0.859708090981468,1,2,0.0
1184.0,131.139557557259,0.75,5.0,0.24016386247783,1,2,0.0
1185.0,128.857775158057,1.0,5.0,0.851265301204479,1,2,0.0
1186.0,133.172119374116,0.75,5.0,0.385024525259976,1,2,0.0
1187.0,130.944287447694,1.0,5.0,0.848094229845356,1,2,0.0
1188.0,131.51160117194,0.75,5.0,0.283912656828264,1,2,0.0
1189.0,133.944705143963,1.0,5.0,0.995503255216185,1,2,0.0
1190.0,131.686586312704,0.75,5.0,0.164523766846704,1,2,0.0
1191.0,136.005376033882,1.0,5.0,1.61956239429727,1,2,0.0
1192.0,142.686943354754,0.75,5.0,1.56272998057856,1,2,6.0
1193.0,149.687082630935,0.5,5.0,0.0347943415386232,1,2,0.0
1194.0,149.479658517171,0.75,5.0,0.135258500177307,1,2,0.0
1195.0,147.215702894275,1.0,5.0,1.92678961083375,1,2,0.0
1196.0,148.895653079784,0.75,5.0,2.92933751372323,1,2,46.0
1197.0,147.88776415279,0.5,5.0,0.0779118291887717,1,2,0.0
1198.0,141.820864971584,0.75,5.0,0.0710676779162021,1,2,0.0
1199.0,138.287975058614,1.0,5.0,0.659509753467652,1,2,0.0
1200.0,133.286774883275,1.0,4.0,5.79905623397664,2,3,0.0
1201.0,144.034463598007,1.0,5.0,10.9099263138217,2,3,262.0
1202.0,150.161969365066,0.75,5.0,10.0576408162066,2,3,296.0
1203.0,149.131833066576,0.5,5.0,2.91706487957778,2,3,204.0
1204.0,136.101772341315,0.25,5.0,0.0125711070831702,2,3,0.0
1205.0,134.167636761948,0.5,5.0,0.0328480927356206,2,3,0.0
1206.0,134.050866767707,0.75,5.0,0.0728727667950398,2,3,0.0
1207.0,131.624146672781,1.0,5.0,0.854647902298462,2,3,0.0
1208.0,131.602849464973,0.75,5.0,0.33116673396835,2,3,0.0
1209.0,136.099999999946,1.0,5.0,0.898254775602355,2,3,0.0
1210.0,134.566666666667,0.75,5.0,0.443486910071704,2,3,0.0
1211.0,136.933333333416,1.0,5.0,1.48704301599767,2,3,0.0
1212.0,137.300000000018,0.75,5.0,0.898694543533975,2,3,7.0
1213.0,134.66666666673,0.5,5.0,0.0357842284977865,2,3,0.0
1214.0,141.366666666601,0.75,5.0,0.118214451739126,2,3,0.0
1215.0,148.499999999906,1.0,5.0,2.82270781986704,2,3,0.0
1216.0,148.799999999995,0.75,5.0,3.66241354807149,2,3,63.0
1217.0,137.400000000174,0.5,5.0,0.0849208284724419,2,3,0.0
1218.0,141.599999999906,0.75,5.0,0.130556246717922,2,3,0.0
1219.0,143.797733249899,1.0,5.0,1.04191033099058,2,3,0.0
1220.0,131.93090253823,0.75,5.0,0.605727292296918,2,3,6.0
1221.0,130.548820195167,1.0,5.0,0.70779328196876,2,3,0.0
1222.0,128.514185005769,1.0,4.0,5.22493053891182,2,3,0.0
1223.0,132.125186786066,1.0,5.0,10.0381559826962,2,3,192.0
1224.0,129.182501037365,0.75,5.0,7.18776550010468,2,3,211.0
1225.0,129.185419687836,0.5,5.0,0.880499357766831,2,3,1.0
1226.0,126.101118594394,0.25,5.0,0.0127242683986841,2,3,0.0
1227.0,124.712455882386,0.5,5.0,0.0355453594180796,2,3,0.0
1228.0,140.265318580267,0.75,5.0,0.0777083698121171,2,3,0.0
1229.0,133.428452385591,1.0,5.0,2.43374010659476,2,3,0.0
1230.0,136.291683020145,0.75,5.0,1.43037162788641,2,3,5.0
1231.0,135.007708379079,0.5,5.0,0.0341455287111632,2,3,0.0
1232.0,137.335608831975,0.75,5.0,0.0897277211160363,2,3,0.0
1233.0,135.690249308475,1.0,5.0,0.730453287244831,2,3,0.0
1234.0,126.484958053425,1.0,4.0,5.31189182522107,2,3,0.0
1235.0,134.292499375497,1.0,5.0,10.235326499822,2,3,207.0
1236.0,133.835201551262,0.75,5.0,8.78681248183341,2,3,271.0
1237.0,137.036555022988,0.5,5.0,1.79446980247646,2,3,164.0
1238.0,124.817378594032,0.25,5.0,0.0135538335086988,2,3,0.0
1239.0,119.491383710474,0.5,5.0,0.0307809548380915,2,3,0.0
1240.0,118.400000000083,0.75,5.0,0.0667937301016168,2,3,0.0
1241.0,118.833333333401,1.0,5.0,0.591825254230901,2,3,0.0
1242.0,121.66666666676,1.0,4.0,4.566798081361,2,3,0.0
1243.0,120.166666666623,1.0,5.0,7.19613422729469,2,3,127.0
1244.0,118.30000000002,0.75,5.0,3.5913672030669,2,3,118.0
1245.0,114.79999999995,0.5,5.0,0.0289791477605702,2,3,0.0
1246.0,115.900000000089,0.75,5.0,0.0724503551190554,2,3,0.0
1247.0,120.59999999996,1.0,5.0,1.75106924659445,2,3,0.0
1248.0,127.133333333452,0.75,5.0,0.674742637459827,2,3,0.0
1249.0,118.133333333412,1.0,5.0,0.243998376141831,2,3,0.0
1250.0,114.166666666606,1.0,4.0,3.35431478491836,2,3,0.0
1251.0,117.233333333404,1.0,5.0,6.42412401472645,2,3,96.0
1252.0,121.033333333257,0.75,5.0,4.17817758372361,2,3,118.0
1253.0,128.933333333398,0.5,5.0,0.280708859257529,2,3,0.0
1254.0,128.233333333397,0.75,5.0,0.0819830491913948,2,3,0.0
1255.0,124.066666666758,1.0,5.0,0.765786537931585,2,3,0.0
1256.0,124.899999999925,0.75,5.0,0.285767826085991,2,3,0.0
1257.0,126.333333333287,1.0,5.0,0.769984684645078,2,3,0.0
1258.0,120.066666666751,0.75,5.0,0.210394095712211,2,3,0.0
1259.0,122.933333333362,1.0,5.0,1.04220277001156,2,3,0.0
1260.0,124.999999999958,0.75,5.0,0.415928197460097,2,3,0.0
1261.0,121.46666666665,1.0,5.0,1.08481065093919,2,3,0.0
1262.0,120.80000000006,0.75,5.0,0.387636858097246,2,3,0.0
1263.0,105.433333333418,1.0,5.0,0.123535929038227,2,3,0.0
1264.0,98.7666666666403,1.0,4.0,1.08884696480059,2,3,0.0
1265.0,96.6999999999871,1.0,5.0,0.533088077973045,2,3,0.0
1266.0,97.9333333333431,1.0,4.0,2.49737483804259,2,3,0.0
1267.0,107.300000000147,1.0,5.0,4.39377811778885,2,3,43.0
1268.0,110.600000000015,0.75,5.0,1.06161557117563,2,3,30.0
1269.0,111.29999999987,0.5,5.0,0.0302659902972051,2,3,0.0
1270.0,115.366666666659,0.75,5.0,0.0610249955687996,2,3,0.0
1271.0,108.199999999931,1.0,5.0,0.256605283675495,2,3,0.0
1272.0,110.266666666652,1.0,4.0,1.76512993655165,2,3,0.0
1273.0,102.566666666656,1.0,5.0,2.1108526697218,2,3,23.0
1274.0,103.099999999942,0.75,5.0,0.104106808968091,2,3,0.0
1275.0,102.133333333286,1.0,5.0,0.0871768034308992,2,3,0.0
1276.0,91.9999999999601,1.0,4.0,0.225367826519293,2,3,0.0
1277.0,84.2333333333109,1.0,3.0,3.4992303919957,2,3,0.0
1278.0,85.5666666666011,1.0,4.0,5.42543521083523,2,3,113.0
1279.0,85.0666666667432,1.0,5.0,2.01390694204137,2,3,55.0
1280.0,95.5666666665806,0.75,5.0,0.0591131830487974,2,3,0.0
1281.0,100.899999999976,1.0,5.0,0.0992978488140133,2,3,0.0
1282.0,94.9666666666698,1.0,4.0,0.150219094293101,2,3,0.0
1283.0,84.3666666666695,1.0,3.0,3.71894133533829,2,3,0.0
1284.0,83.9000000000503,1.0,4.0,5.61445645922449,2,3,71.0
1285.0,78.8666666666614,1.0,5.0,1.19944642702203,2,3,16.0
1286.0,85.7999999999428,0.75,5.0,0.046176585965287,2,3,0.0
1287.0,84.0999999999972,1.0,5.0,0.0753106138977974,2,3,0.0
1288.0,84.0666666666667,1.0,4.0,0.143708844755737,2,3,0.0
1289.0,81.1333333333928,1.0,3.0,2.36302290761883,2,3,0.0
1290.0,74.599999999995,1.0,4.0,1.61364325656378,2,3,0.0
1291.0,82.5000000000468,1.0,5.0,0.128132669840802,2,3,0.0
1292.0,86.0999999999426,1.0,4.0,0.104284759692305,2,3,0.0
1293.0,75.0333333333183,1.0,3.0,1.07016548025193,2,3,0.0
1294.0,72.2333333333213,1.0,4.0,1.84458590488046,2,3,0.0
1295.0,78.6999999999318,1.0,5.0,0.0628651393644038,2,3,0.0
1296.0,73.4999999999731,1.0,4.0,0.0713821267446066,2,3,0.0
1297.0,65.8333333333004,1.0,3.0,0.444680719887911,2,3,0.0
1298.0,66.5000000000022,1.0,2.0,6.3313001765565,2,3,0.0
1299.0,69.3333333333726,1.0,3.0,9.85980190577019,2,3,308.0
1300.0,67.03333333334,1.0,4.0,7.07513707388523,2,3,208.0
1301.0,62.9666666666919,1.0,5.0,1.21736429720768,2,3,27.0
1302.0,60.1000000000441,0.75,5.0,0.0383421530555749,2,3,0.0
1303.0,62.4333333333375,1.0,5.0,0.0590748658250493,2,3,0.0
1304.0,71.0999999999905,1.0,4.0,0.126500933598657,2,3,0.0
1305.0,77.7333333333152,1.0,3.0,3.09061146345269,2,3,0.0
1306.0,77.7666666666978,1.0,4.0,3.15624315735207,2,3,34.0
1307.0,68.3333333333015,1.0,5.0,0.0722329481839751,2,3,0.0
1308.0,81.4999999999919,1.0,4.0,0.101017535763927,2,3,0.0
1309.0,73.7000000000049,1.0,3.0,1.8812960280155,2,3,0.0
1310.0,70.9999999999929,1.0,4.0,0.819266022620625,2,3,0.0
1311.0,64.1333333333055,1.0,5.0,0.055199598746637,2,3,0.0
1312.0,66.9333333333244,1.0,4.0,0.0946229542067886,2,3,0.0
1313.0,68.6999999999977,1.0,3.0,0.459681197162838,2,3,0.0
1314.0,65.4666666666907,1.0,2.0,7.258563591678,2,3,0.0
1315.0,77.9333333333048,1.0,3.0,10.6260899296179,2,3,400.0
1316.0,72.3999999999807,1.0,4.0,7.94744864189138,2,3,233.0
1317.0,75.2666666666817,1.0,5.0,3.99761807126472,2,3,139.0
1318.0,77.8666666666459,0.75,5.0,0.197233839332732,2,3,0.0
1319.0,72.1666666666378,1.0,5.0,0.0717902445481333,2,3,0.0
1320.0,78.8939052508321,1.0,4.0,0.240313649586153,2,3,0.0
1321.0,80.5350326762907,1.0,3.0,3.20460369263691,2,3,0.0
1322.0,78.7686497155894,1.0,4.0,4.63672730174926,2,3,81.0
1323.0,69.2278855139838,1.0,5.0,0.185607057978728,2,3,0.0
1324.0,75.9868605885154,1.0,4.0,0.177741382196477,2,3,0.0
1325.0,75.8227750572208,1.0,3.0,1.49026915649675,2,3,0.0
1326.0,69.7893257196353,1.0,4.0,0.584473041124082,2,3,0.0
1327.0,67.7891652079066,1.0,3.0,3.34041713702305,2,3,0.0
1328.0,73.1212794964007,1.0,4.0,2.49652627070872,2,3,16.0
1329.0,72.1999999999759,1.0,5.0,0.161653478795921,2,3,0.0
1330.0,83.4697673589394,1.0,4.0,0.159954301826175,2,3,0.0
1331.0,76.9613729842426,1.0,3.0,3.49274843973423,2,3,0.0
1332.0,77.1254736955892,1.0,4.0,5.22722191159303,2,3,56.0
1333.0,79.4112376983104,1.0,5.0,2.07226193351474,2,3,48.0
1334.0,79.3451475402193,0.75,5.0,0.0484980762647143,2,3,0.0
1335.0,79.0340572103731,1.0,5.0,0.075875724408309,2,3,0.0
1336.0,78.3965546416769,1.0,4.0,0.116938678448519,2,3,0.0
1337.0,69.8678190078217,1.0,3.0,2.95997440793597,2,3,0.0
1338.0,74.8856893065016,1.0,4.0,4.17673799910338,2,3,26.0
1339.0,66.2959911036249,1.0,5.0,0.134684680593098,2,3,0.0
1340.0,63.4682202253986,1.0,4.0,0.0845742141703423,2,3,0.0
1341.0,64.6278111671556,1.0,3.0,1.74753642662303,2,3,0.0
1342.0,70.8809136389119,1.0,4.0,3.3099262783869,2,3,19.0
1343.0,70.2360418952467,1.0,5.0,0.10682561796383,2,3,0.0
1344.0,74.4650266897952,1.0,4.0,0.319205094912862,2,3,0.0
1345.0,79.7238741602459,1.0,3.0,4.28982492596831,2,3,0.0
1346.0,81.2965213247221,1.0,4.0,8.06954920234523,2,3,131.0
1347.0,79.5807997377175,1.0,5.0,5.86724728785892,2,3,126.0
1348.0,78.3021092322973,0.75,5.0,0.631975502266949,2,3,0.0
1349.0,69.7304539007889,1.0,5.0,0.0739517778562142,2,3,0.0
1350.0,73.9697423066225,1.0,4.0,0.113294347933385,2,3,0.0
1351.0,68.3986344227685,1.0,3.0,0.920705991128904,2,3,0.0
1352.0,64.3536211584179,1.0,4.0,0.936653261691185,2,3,0.0
1353.0,74.651649866055,1.0,5.0,0.123065399310401,2,3,0.0
1354.0,81.3862856077818,1.0,4.0,0.215709131366107,2,3,0.0
1355.0,72.5862922084899,1.0,3.0,1.49947385164761,2,3,0.0
1356.0,66.7846958275125,1.0,4.0,0.679332513257105,2,3,0.0
1357.0,70.5312831036158,1.0,3.0,3.42515936668222,2,3,0.0
1358.0,73.2373719408355,1.0,4.0,4.75297345052471,2,3,71.0
1359.0,71.6340924535481,1.0,5.0,0.508517892566386,2,3,0.0
1360.0,64.9105236867503,1.0,4.0,0.282818986285172,2,3,0.0
1361.0,77.5873240215203,1.0,3.0,4.83861160638526,2,3,0.0
1362.0,79.9596731263661,1.0,4.0,7.94269953016389,2,3,108.0
1363.0,69.3686157599378,1.0,5.0,2.21566448754575,2,3,16.0
1364.0,64.0395462363677,0.75,5.0,0.0437648702950246,2,3,0.0
1365.0,68.865905699662,1.0,5.0,0.0617187332142504,2,3,0.0
1366.0,63.3333333333544,1.0,4.0,0.0966626149535236,2,3,0.0
1367.0,63.4666666666878,1.0,3.0,0.656790587461285,2,3,0.0
1368.0,62.699999999977,1.0,2.0,7.01361797036019,2,3,0.0
1369.0,65.1999999999935,1.0,3.0,10.4396088312886,2,3,306.0
1370.0,67.7526814479558,1.0,4.0,7.70590872561509,2,3,221.0
1371.0,63.3913169555541,1.0,5.0,2.37665138305908,2,3,64.0
1372.0,73.4133301683922,0.75,5.0,0.0528820883577188,2,3,0.0
1373.0,76.8232786352515,1.0,5.0,0.0660524011837881,2,3,0.0
1374.0,70.1565386051204,1.0,4.0,0.0944086564199542,2,3,0.0
1375.0,62.7999999999895,1.0,3.0,1.13304464330027,2,3,0.0
1376.0,62.2169897564863,1.0,4.0,0.675040775164839,2,3,0.0
1377.0,69.0414368733495,1.0,3.0,4.03564119131581,2,3,0.0
1378.0,75.6268624032599,1.0,4.0,6.90835211679051,2,3,67.0
1379.0,79.1147945256197,1.0,5.0,4.87853917743917,2,3,49.0
1380.0,80.3047920392506,0.75,5.0,0.542891091640938,2,3,0.0
1381.0,73.5294503947198,1.0,5.0,0.0912782716452989,2,3,0.0
1382.0,78.3653848583839,1.0,4.0,0.216731704563477,2,3,0.0
1383.0,72.501205863931,1.0,3.0,5.36854547192908,2,3,0.0
1384.0,79.5281600123261,1.0,4.0,8.62037457949898,2,3,152.0
1385.0,73.4288066968085,1.0,5.0,4.66714249103108,2,3,101.0
1386.0,69.417335038694,0.75,5.0,0.0533703099308862,2,3,0.0
1387.0,76.3268023302639,1.0,5.0,0.0924340242646132,2,3,0.0
1388.0,77.1607961120917,1.0,4.0,0.868168034677492,2,3,0.0
1389.0,79.0891821232446,1.0,5.0,0.380692788259208,2,3,0.0
1390.0,68.3865222168386,1.0,4.0,0.0862531429021555,2,3,0.0
1391.0,58.9869721310156,1.0,3.0,1.67322980756406,2,3,0.0
1392.0,64.8483626627595,1.0,4.0,1.1231650170112,2,3,0.0
1393.0,65.9405379757061,1.0,5.0,0.0687888010330011,2,3,0.0
1394.0,62.3480899810473,1.0,4.0,0.103492598629483,2,3,0.0
1395.0,65.1212206982634,1.0,3.0,1.8726243651511,2,3,0.0
1396.0,63.2935435291682,1.0,4.0,1.49167461955172,2,3,0.0
1397.0,67.0283035564515,1.0,5.0,0.0675614100663994,2,3,0.0
1398.0,62.9393911868394,1.0,4.0,0.157523878140513,2,3,0.0
1399.0,68.6336875029662,1.0,3.0,1.63599459469481,2,3,0.0
1400.0,63.3627206987833,1.0,4.0,0.761480940313341,2,3,0.0
1401.0,66.4555361069723,1.0,5.0,0.0954755406890312,2,3,0.0
1402.0,73.7083541932725,1.0,4.0,0.277699873229251,2,3,0.0
1403.0,74.3079577683012,1.0,3.0,4.25514842383874,2,3,0.0
1404.0,72.1969070323123,1.0,4.0,6.68089909574801,2,3,68.0
1405.0,78.0638695158501,1.0,5.0,5.16405847616512,2,3,87.0
1406.0,79.2338294634732,0.75,5.0,0.640222127270955,2,3,0.0
1407.0,79.2274802882706,1.0,5.0,0.151704804663715,2,3,0.0
1408.0,82.7595911552095,1.0,4.0,1.6114892122963,2,3,0.0
1409.0,81.9376257231681,1.0,5.0,1.58745628926532,2,3,0.0
1410.0,84.1127915921626,0.75,5.0,0.059970643726,2,3,0.0
1411.0,75.1853232677473,1.0,5.0,0.0804181685761008,2,3,0.0
1412.0,71.4833734148432,1.0,4.0,1.06324747607824,2,3,0.0
1413.0,81.7551416160957,1.0,5.0,1.64228237108562,2,3,0.0
1414.0,83.278447451737,0.75,5.0,0.0679752740118924,2,3,0.0
1415.0,82.7114563414431,1.0,5.0,0.104162317509561,2,3,0.0
1416.0,74.0466683066297,1.0,4.0,0.20259595503067,2,3,0.0
1417.0,71.6059885842648,1.0,3.0,3.3071376657811,2,3,0.0
1418.0,70.1392130460348,1.0,4.0,5.92848670867382,2,3,44.0
1419.0,74.1234823429144,1.0,5.0,3.01469385150704,2,3,42.0
1420.0,71.5135479191373,0.75,5.0,0.0625751769405265,2,3,0.0
1421.0,77.960936108209,1.0,5.0,0.300815504400672,2,3,0.0
1422.0,87.9474660925522,1.0,4.0,1.97905699687635,2,3,0.0
1423.0,80.1875773154051,1.0,5.0,0.872251146575749,2,3,0.0
1424.0,75.0315410844849,0.75,5.0,0.0584638750402751,2,3,0.0
1425.0,74.2486071729347,1.0,5.0,0.123924517394585,2,3,0.0
1426.0,80.1054032757993,1.0,4.0,1.53348102606589,2,3,0.0
1427.0,76.5613234457304,1.0,5.0,0.424094190397375,2,3,0.0
1428.0,79.1640990113205,1.0,4.0,2.60333968857,2,3,0.0
1429.0,87.1727991068947,1.0,5.0,4.94127226338747,2,3,22.0
1430.0,93.4381477706623,0.75,5.0,2.21205524597399,2,3,20.0
1431.0,90.2710908068164,0.5,5.0,0.0365353881097086,2,3,0.0
1432.0,84.9151048488672,0.75,5.0,0.0590268731205272,2,3,0.0
1433.0,76.0275721429421,1.0,5.0,0.164257617288389,2,3,0.0
1434.0,79.713903352264,1.0,4.0,1.4062815230183,2,3,0.0
1435.0,79.1075284790581,1.0,5.0,1.91050720594945,2,3,0.0
1436.0,88.9533290069831,0.75,5.0,0.195118387153039,2,3,0.0
1437.0,90.1756426800816,1.0,5.0,0.243917227602722,2,3,0.0
1438.0,82.8602891480141,1.0,4.0,2.36791524334641,2,3,0.0
1439.0,86.3006415248479,1.0,5.0,5.21789614662133,2,3,23.0
1440.0,87.8578970709008,0.75,5.0,1.30404190414064,2,3,0.0
1441.0,86.9574803055352,0.5,5.0,0.0374984272208595,2,3,0.0
1442.0,86.1427459357107,0.75,5.0,0.064921509234811,2,3,0.0
1443.0,80.5666666666801,1.0,5.0,0.207290387613574,2,3,0.0
1444.0,84.7890070136249,1.0,4.0,3.9015415791524,2,3,0.0
1445.0,95.7612918682457,1.0,5.0,8.36386674366182,2,3,72.0
1446.0,94.7871286706248,0.75,5.0,4.82396563131958,2,3,80.0
1447.0,82.6153299108233,0.5,5.0,0.0435483380591804,2,3,0.0
1448.0,91.6097785952662,0.75,5.0,0.0944705720026307,2,3,0.0
1449.0,94.9000000000569,1.0,5.0,1.52771548559708,2,3,0.0
1450.0,98.8333333333828,0.75,5.0,1.38555232267436,2,3,0.0
1451.0,105.733333333309,0.5,5.0,0.0458202969019912,2,3,0.0
1452.0,90.7666666667272,0.75,5.0,0.0945787011673669,2,3,0.0
1453.0,94.7999999999494,1.0,5.0,0.81165222933255,2,3,0.0
1454.0,93.1666666667692,0.75,5.0,0.156871606532003,2,3,0.0
1455.0,87.6333333332778,1.0,5.0,1.92468889303059,2,3,0.0
1456.0,100.133333333373,0.75,5.0,1.77312014689091,2,3,6.0
1457.0,102.400000000024,0.5,5.0,0.0963528787858711,2,3,0.0
1458.0,97.8666666666993,0.75,5.0,0.183348709354305,2,3,0.0
1459.0,104.63333333333,1.0,5.0,2.98464925619806,2,3,0.0
1460.0,105.700000000092,0.75,5.0,4.50520143607296,2,3,39.0
1461.0,106.866666666635,0.5,5.0,0.580907064695819,2,3,0.0
1462.0,101.066666666707,0.75,5.0,0.159069761799033,2,3,0.0
1463.0,104.833333333358,1.0,5.0,3.10337458179295,2,3,0.0
1464.0,106.100000000021,0.75,5.0,2.80494050365048,2,3,19.0
1465.0,95.9333333332918,0.5,5.0,0.0448519950572073,2,3,0.0
1466.0,91.7000000000703,0.75,5.0,0.114457539251382,2,3,0.0
1467.0,94.1999999999969,1.0,5.0,0.723009019545361,2,3,0.0
1468.0,90.1666666666907,1.0,4.0,5.26782445394628,2,3,0.0
1469.0,98.3666666666699,1.0,5.0,10.6194111369718,2,3,135.0
1470.0,90.6666666666667,0.75,5.0,8.56894559643329,2,3,165.0
1471.0,97.233333333275,0.5,5.0,1.91672942006408,2,3,73.0
1472.0,101.33333333335,0.25,5.0,0.0199742283475144,2,3,0.0
1473.0,106.400000000074,0.5,5.0,0.0549075394307269,2,3,0.0
1474.0,111.766666666678,0.75,5.0,0.354845040580279,2,3,0.0
1475.0,108.299999999971,1.0,5.0,2.43230075776514,2,3,0.0
1476.0,98.4000000000361,0.75,5.0,1.66872585103409,2,3,0.0
1477.0,102.033333333282,0.5,5.0,0.0563504796653546,2,3,0.0
1478.0,104.566666666618,0.75,5.0,0.14857813831204,2,3,0.0
1479.0,101.533333333394,1.0,5.0,3.24238569919049,2,3,0.0
1480.0,101.299999999973,0.75,5.0,2.54465828347016,2,3,25.0
1481.0,97.0999999999709,0.5,5.0,0.0486886550617982,2,3,0.0
1482.0,93.8666666666729,0.75,5.0,0.106223104945547,2,3,0.0
1483.0,95.4666666667271,1.0,5.0,3.01999004186621,2,3,0.0
1484.0,99.9333333332634,0.75,5.0,3.38431742683342,2,3,26.0
1485.0,108.500000000004,0.5,5.0,0.464218817568117,2,3,0.0
1486.0,112.133333333277,0.75,5.0,0.436303267636138,2,3,0.0
1487.0,111.63333333333,1.0,5.0,4.3051099042135,2,3,0.0
1488.0,105.36666666661,0.75,5.0,4.34332460877791,2,3,42.0
1489.0,101.000000000037,0.5,5.0,0.535563954660026,2,3,0.0
1490.0,100.933333333239,0.75,5.0,0.156630171088207,2,3,0.0
1491.0,99.6000000000398,1.0,5.0,3.3182578094578,2,3,0.0
1492.0,105.400000000018,0.75,5.0,5.86920347892524,2,3,49.0
1493.0,112.066666666622,0.5,5.0,2.02274896138621,2,3,11.0
1494.0,109.799999999905,0.25,5.0,0.023749881839075,2,3,0.0
1495.0,114.600000000004,0.5,5.0,0.0522692111019263,2,3,0.0
1496.0,109.16666666671,0.75,5.0,0.259126900435903,2,3,0.0
1497.0,101.700000000031,1.0,5.0,2.91454569289638,2,3,0.0
1498.0,101.93333333332,0.75,5.0,5.13593451635273,2,3,40.0
1499.0,105.366666666618,0.5,5.0,1.17491068781047,2,3,0.0
1500.0,106.166666666589,0.25,5.0,0.0210282523374758,2,3,0.0
1501.0,114.733333333414,0.5,5.0,0.0618666687314109,2,3,0.0
1502.0,113.39999999997,0.75,5.0,0.605540073172932,2,3,0.0
1503.0,112.66666666664,1.0,5.0,4.92905354208165,2,3,0.0
1504.0,110.066666666733,0.75,5.0,8.09416963034622,2,3,103.0
1505.0,109.400000000088,0.5,5.0,2.95195162291298,2,3,60.0
1506.0,105.099999999919,0.25,5.0,0.021120972620217,2,3,0.0
1507.0,111.099999999944,0.5,5.0,0.0573696759635252,2,3,0.0
1508.0,110.600000000029,0.75,5.0,0.345173683067766,2,3,0.0
1509.0,107.799999999975,1.0,5.0,4.65300650857087,2,3,0.0
1510.0,113.600000000064,0.75,5.0,8.07930251454126,2,3,80.0
1511.0,100.366666666606,0.5,5.0,2.04945720434315,2,3,0.0
1512.0,112.266666666622,0.25,5.0,0.0232506515394178,2,3,0.0
1513.0,114.999999999904,0.5,5.0,0.0619303390462076,2,3,0.0
1514.0,112.166666666641,0.75,5.0,0.887679016798173,2,3,0.0
1515.0,114.200000000011,0.5,5.0,0.30567033696068,2,3,0.0
1516.0,105.433333333414,0.75,5.0,0.161091276470319,2,3,0.0
1517.0,98.9333333333004,1.0,5.0,2.47251307237826,2,3,0.0
1518.0,96.1666666666795,0.75,5.0,2.54210704685284,2,3,0.0
1519.0,97.3999999999643,0.5,5.0,0.104568598258917,2,3,0.0
1520.0,98.1666666666634,0.75,5.0,0.219835598124452,2,3,0.0
1521.0,100.566666666643,1.0,5.0,2.60962898706122,2,3,0.0
1522.0,96.0333333333909,0.75,5.0,4.58773470864613,2,3,11.0
1523.0,111.099999999974,0.5,5.0,1.58696401196341,2,3,0.0
1524.0,104.299999999948,0.25,5.0,0.0201411198413269,2,3,0.0
1525.0,97.1060522629714,0.5,5.0,0.0508209433037552,2,3,0.0
1526.0,95.1072008866475,0.75,5.0,0.152749741341824,2,3,0.0
1527.0,93.7839426655299,1.0,5.0,4.14219160101347,2,3,0.0
1528.0,106.099667363134,0.75,5.0,7.10346639992307,2,3,58.0
1529.0,106.233333333355,0.5,5.0,2.68560485427773,2,3,17.0
1530.0,106.433333333294,0.25,5.0,0.0220632138815692,2,3,0.0
1531.0,107.333333333337,0.5,5.0,0.0579200801233824,2,3,0.0
1532.0,107.699999999917,0.75,5.0,0.482472706709798,2,3,0.0
1533.0,106.033333333333,1.0,5.0,4.74255474095714,2,3,0.0
1534.0,106.333333333309,0.75,5.0,7.45430793459312,2,3,79.0
1535.0,99.7000000000266,0.5,5.0,1.89227591920727,2,3,0.0
1536.0,98.9000000000494,0.25,5.0,0.0218205488382028,2,3,0.0
1537.0,92.9956008589688,0.5,5.0,0.0479078245616718,2,3,0.0
1538.0,89.4878814074747,0.75,5.0,0.240568552226845,2,3,0.0
1539.0,97.6145255404599,1.0,5.0,4.22909272087431,2,3,0.0
1540.0,100.333333333444,0.75,5.0,6.31376557203685,2,3,42.0
1541.0,107.433333333348,0.5,5.0,2.37805788646368,2,3,0.0
1542.0,104.433333333372,0.25,5.0,0.0191664536367617,2,3,0.0
1543.0,91.4666666666728,0.5,5.0,0.049522214495962,2,3,0.0
1544.0,89.3666666667233,0.75,5.0,0.164148833107178,2,3,0.0
1545.0,95.0000000000222,1.0,5.0,3.58041248970307,2,3,0.0
1546.0,99.3000000001125,0.75,5.0,5.65429176858434,2,3,45.0
1547.0,101.133333333337,0.5,5.0,1.2055607758138,2,3,0.0
1548.0,97.400000000039,0.25,5.0,0.0220775884849986,2,3,0.0
1549.0,93.5000000000467,0.5,5.0,0.0509032440886179,2,3,0.0
1550.0,93.5666666666698,0.75,5.0,0.221113386359823,2,3,0.0
1551.0,94.7000000000474,1.0,5.0,2.08208968595247,2,3,0.0
1552.0,88.4666666667021,0.75,5.0,1.32826273093723,2,3,0.0
1553.0,93.2333333332619,0.5,5.0,0.0570423623078709,2,3,0.0
1554.0,93.2333333333831,0.75,5.0,0.128190245490896,2,3,0.0
1555.0,87.1666666666376,1.0,5.0,2.59713248798756,2,3,0.0
1556.0,95.6666666666794,0.75,5.0,5.02309959937285,2,3,19.0
1557.0,97.6000000000456,0.5,5.0,0.803204187346261,2,3,0.0
1558.0,101.766666666697,0.25,5.0,0.022010287432069,2,3,0.0
1559.0,99.2666666666534,0.5,5.0,0.0573243506460499,2,3,0.0
1560.0,96.2333333333718,0.75,5.0,0.357203213710015,2,3,0.0
1561.0,98.8999999999374,1.0,5.0,2.88381250400718,2,3,0.0
1562.0,86.7999999999711,0.75,5.0,1.38752103894173,2,3,0.0
1563.0,93.0333333333116,0.5,5.0,0.0743135846406417,2,3,0.0
1564.0,95.2000000000063,0.75,5.0,0.168880324213236,2,3,0.0
1565.0,86.9000000000319,1.0,5.0,1.72302463837004,2,3,0.0
1566.0,83.6999999999665,0.75,5.0,0.515769615656834,2,3,0.0
1567.0,84.8333333333588,1.0,5.0,1.14145707939084,2,3,0.0
1568.0,84.3333333333193,0.75,5.0,0.426704454508624,2,3,0.0
1569.0,81.166666666645,1.0,5.0,2.48824689648863,2,3,0.0
1570.0,92.3333333332964,0.75,5.0,3.17478689003651,2,3,0.0
1571.0,86.4666666667128,0.5,5.0,0.0473856730262886,2,3,0.0
1572.0,79.933333333288,0.75,5.0,0.137849401933044,2,3,0.0
1573.0,84.5000000000338,1.0,5.0,2.32432341640238,2,3,0.0
1574.0,88.3666666666078,0.75,5.0,2.20883113506358,2,3,0.0
1575.0,80.8666666666289,0.5,5.0,0.0492121867350272,2,3,0.0
1576.0,77.9333333333541,0.75,5.0,0.0935981773292075,2,3,0.0
1577.0,78.2999999999426,1.0,5.0,0.379380073789579,2,3,0.0
1578.0,77.3999999999897,1.0,4.0,3.28329931423878,2,3,0.0
1579.0,74.1333333333234,1.0,5.0,4.90701429611383,2,3,27.0
1580.0,71.3000000000143,0.75,5.0,0.836962576916993,2,3,0.0
1581.0,75.3999999999849,0.5,5.0,0.0447585652656341,2,3,0.0
1582.0,72.4666666666425,0.75,5.0,0.129407789326022,2,3,0.0
1583.0,84.6999999999802,1.0,5.0,2.25795454921832,2,3,0.0
1584.0,86.1333333333362,0.75,5.0,2.31899516605906,2,3,0.0
1585.0,90.0666666666487,0.5,5.0,0.151089068740147,2,3,0.0
1586.0,85.9333333333047,0.75,5.0,0.154846806568265,2,3,0.0
1587.0,85.066666666729,1.0,5.0,1.136362444138,2,3,0.0
1588.0,81.2000000000244,0.75,5.0,0.354580588603303,2,3,0.0
1589.0,80.5000000000134,1.0,5.0,1.21058585301113,2,3,0.0
1590.0,82.500000000033,0.75,5.0,0.583550808103872,2,3,0.0
1591.0,85.1333333333419,1.0,5.0,1.86712514562168,2,3,0.0
1592.0,82.1666666667132,0.75,5.0,0.635699000833968,2,3,0.0
1593.0,73.5333333333137,1.0,5.0,0.14325074713516,2,3,0.0
1594.0,64.933333333342,1.0,4.0,0.640524348269916,2,3,0.0
1595.0,63.8999999999638,1.0,3.0,6.88790137599888,2,3,0.0
1596.0,66.8666666666756,1.0,4.0,11.2002793202399,2,3,127.0
1597.0,60.6000000000061,1.0,5.0,9.14223366547068,2,3,109.0
1598.0,61.9666666666605,0.75,5.0,2.66889769558393,2,3,15.0
1599.0,68.3,0.5,5.0,0.0408210015226425,2,3,0.0
1600.0,70.7999999999906,0.75,5.0,0.0750418801586014,2,3,0.0
1601.0,64.666666666658,1.0,5.0,0.137323355642251,2,3,0.0
1602.0,63.1333333333102,1.0,4.0,3.3020988444637,2,3,0.0
1603.0,72.7666666666861,1.0,5.0,6.46696088563439,2,3,22.0
1604.0,71.8000000000168,0.75,5.0,1.9928116759959,2,3,2.0
1605.0,71.8666666667146,0.5,5.0,0.0510844121713091,2,3,0.0
1606.0,80.3666666666479,0.75,5.0,0.114580587287761,2,3,0.0
1607.0,73.5999999999755,1.0,5.0,0.154993294911555,2,3,0.0
1608.0,64.1333333333141,1.0,4.0,3.68630072555868,2,3,0.0
1609.0,77.3999999999407,1.0,5.0,7.64259665754809,2,3,62.0
1610.0,77.6333333333385,0.75,5.0,3.50989254015179,2,3,38.0
1611.0,64.3666666667031,0.5,5.0,0.0487996752611407,2,3,0.0
1612.0,73.2333333332332,0.75,5.0,0.0837445648946405,2,3,0.0
1613.0,62.9000000000063,1.0,5.0,0.131058016361832,2,3,0.0
1614.0,62.1000000000248,1.0,4.0,1.34378188534294,2,3,0.0
1615.0,66.8333333333601,1.0,5.0,3.93784955206546,2,3,0.0
1616.0,75.1333333333233,0.75,5.0,1.42069048311276,2,3,0.0
1617.0,64.5999999999957,0.5,5.0,0.0425308340993505,2,3,0.0
1618.0,63.5666666666434,0.75,5.0,0.0893884893558357,2,3,0.0
1619.0,71.3999999999619,1.0,5.0,0.669148130496461,2,3,0.0
1620.0,73.2333333333577,1.0,4.0,4.50318164509516,2,3,0.0
1621.0,77.5666666666822,1.0,5.0,8.14398753520422,2,3,53.0
1622.0,75.8666666666313,0.75,5.0,5.26841697155168,2,3,53.0
1623.0,80.633333333293,0.5,5.0,0.385847624928376,2,3,0.0
1624.0,80.1333333332959,0.75,5.0,0.0980341866845237,2,3,0.0
1625.0,76.5666666666437,1.0,5.0,0.822348519744662,2,3,0.0
1626.0,77.8666666667082,0.75,5.0,0.217439909607042,2,3,0.0
1627.0,78.3,1.0,5.0,2.38858366488681,2,3,0.0
1628.0,83.566666666597,0.75,5.0,2.00002464937551,2,3,2.0
1629.0,79.7333333333573,0.5,5.0,0.0490409796928395,2,3,0.0
1630.0,69.3666666666181,0.75,5.0,0.0659181199968649,2,3,0.0
1631.0,56.6999999999962,1.0,5.0,0.271054088363323,2,3,0.0
1632.0,68.9666666666506,1.0,4.0,4.51466902646861,2,3,0.0
1633.0,76.1678009820173,1.0,5.0,8.01159593636187,2,3,39.0
1634.0,77.6648551033532,0.75,5.0,5.64212529142949,2,3,71.0
1635.0,77.600402940188,0.5,5.0,0.337673823141895,2,3,0.0
1636.0,74.9273483285073,0.75,5.0,0.132646735934302,2,3,0.0
1637.0,78.1777264542769,1.0,5.0,1.47598350411782,2,3,0.0
1638.0,77.3940356885848,0.75,5.0,0.28987438754805,2,3,0.0
1639.0,64.7001132698952,1.0,5.0,0.165485683312658,2,3,0.0
1640.0,61.4680979320998,1.0,4.0,2.60002985881478,2,3,0.0
1641.0,66.4717668978524,1.0,5.0,3.36448067297519,2,3,0.0
1642.0,73.2230455992817,0.75,5.0,2.36492018236616,2,3,11.0
1643.0,81.2097725826302,0.5,5.0,0.197889065748271,2,3,0.0
1644.0,75.3743937377466,0.75,5.0,0.134324742811523,2,3,0.0
1645.0,77.9041238985859,1.0,5.0,0.244045884851443,2,3,0.0
1646.0,64.294969012494,1.0,4.0,1.44361045362347,2,3,0.0
1647.0,64.6565625625105,1.0,5.0,1.80531529909944,2,3,0.0
1648.0,65.4075816823801,0.75,5.0,0.0772825454311152,2,3,0.0
1649.0,60.9538440583321,1.0,5.0,0.361187270281391,2,3,0.0
1650.0,70.7961420726905,1.0,4.0,6.16374320439214,2,3,0.0
1651.0,75.7977728867137,1.0,5.0,9.36959726989738,2,3,68.0
1652.0,75.2605392131442,0.75,5.0,6.74574192601787,2,3,59.0
1653.0,76.8997530610125,0.5,5.0,0.863292251447789,2,3,0.0
1654.0,65.7718152477316,0.25,5.0,0.0210035132526606,2,3,0.0
1655.0,64.2862666984513,0.5,5.0,0.0458433837057635,2,3,0.0
1656.0,68.6098973878573,0.75,5.0,0.0874281364640344,2,3,0.0
1657.0,72.9802614940147,1.0,5.0,0.35072789650563,2,3,0.0
1658.0,71.4264047268571,1.0,4.0,1.4579076720293,2,3,0.0
1659.0,62.7612613884259,1.0,5.0,1.10448970319448,2,3,0.0
1660.0,63.8472257894338,0.75,5.0,0.0988453610403418,2,3,0.0
1661.0,64.1767606632829,1.0,5.0,0.225925241472216,2,3,0.0
1662.0,65.0826049052408,1.0,4.0,3.54427201358098,2,3,0.0
1663.0,69.1870711098225,1.0,5.0,6.20480469712779,2,3,1.0
1664.0,71.7810856864014,0.75,5.0,2.51447062020987,2,3,14.0
1665.0,70.2626773517996,0.5,5.0,0.0474641747360497,2,3,0.0
1666.0,63.2137254039514,0.75,5.0,0.0900953725313048,2,3,0.0
1667.0,70.1134287900829,1.0,5.0,0.525430839483762,2,3,0.0
1668.0,71.5066103923486,1.0,4.0,3.91121903120744,2,3,0.0
1669.0,70.5912624771111,1.0,5.0,5.84859454372245,2,3,35.0
1670.0,63.6582632315613,0.75,5.0,0.830551306876509,2,3,0.0
1671.0,66.43739407456,0.5,5.0,0.0446504132725859,2,3,0.0
1672.0,65.15905471673,0.75,5.0,0.0942861585196034,2,3,0.0
1673.0,68.6081226552317,1.0,5.0,0.726490166315217,2,3,0.0
1674.0,74.2950732309817,1.0,4.0,5.85101778751095,2,3,0.0
1675.0,77.7786342945311,1.0,5.0,11.0216352464719,2,3,76.0
1676.0,81.106516903802,0.75,5.0,9.47143064287414,2,3,124.0
1677.0,72.7824097754972,0.5,5.0,2.04429122136742,2,3,0.0
1678.0,71.2942588166309,0.25,5.0,0.0196831422923459,2,3,0.0
1679.0,61.6333670272895,0.5,5.0,0.0473608391203439,2,3,0.0
1680.0,68.1078547975813,0.75,5.0,0.22802690951667,2,3,0.0
1681.0,80.6903574112166,1.0,5.0,0.566505623734967,2,3,0.0
1682.0,70.9792483019679,1.0,4.0,3.30167180294337,2,3,0.0
1683.0,63.7911969847263,1.0,5.0,2.72902556375817,2,3,0.0
1684.0,66.7170960289237,0.75,5.0,0.294387046830749,2,3,0.0
1685.0,71.7737989736631,1.0,5.0,1.45829303812505,2,3,0.0
1686.0,76.5057202805332,0.75,5.0,1.18442392011854,2,3,0.0
1687.0,73.7761470370164,0.5,5.0,0.0538444458996865,2,3,0.0
1688.0,68.8222717026172,0.75,5.0,0.112178232251724,2,3,0.0
1689.0,71.4534236991294,1.0,5.0,2.22550169182432,2,3,0.0
1690.0,76.598781515252,0.75,5.0,0.902612748569719,2,3,0.0
1691.0,68.8319550363622,0.5,5.0,0.0455784898136082,2,3,0.0
1692.0,62.7533794750329,0.75,5.0,0.0865066392663882,2,3,0.0
1693.0,58.4738680475633,1.0,5.0,0.147546144492912,2,3,0.0
1694.0,60.943523410716,1.0,4.0,1.69279957715818,2,3,0.0
1695.0,61.4390369338227,1.0,5.0,1.43876899378851,2,3,0.0
1696.0,66.333996876294,0.75,5.0,0.178239997532956,2,3,0.0
1697.0,72.7742911658069,1.0,5.0,2.71805099908058,2,3,0.0
1698.0,80.7422580341492,0.75,5.0,3.04612976787743,2,3,2.0
1699.0,70.6515282800026,0.5,5.0,0.0499350372240888,2,3,0.0
1700.0,62.5830614660784,0.75,5.0,0.0958452578280393,2,3,0.0
1701.0,65.3903558543033,1.0,5.0,0.315715384151351,2,3,0.0
1702.0,65.9297221108908,1.0,4.0,4.50312881839381,2,3,0.0
1703.0,74.787981674308,1.0,5.0,10.0104530488281,2,3,85.0
1704.0,76.8416291190279,0.75,5.0,8.45553054162555,2,3,136.0
1705.0,75.6110176789513,0.5,5.0,1.7006809681141,2,3,16.0
1706.0,82.9610637013126,0.25,5.0,0.0234188648643972,2,3,0.0
1707.0,81.443665606274,0.5,5.0,0.061498968454379,2,3,0.0
1708.0,83.0582941992645,0.75,5.0,0.114343535193605,2,3,0.0
1709.0,72.2098400205491,1.0,5.0,1.81288624417503,2,3,0.0
1710.0,80.8777352599029,0.75,5.0,3.75794203933402,2,3,0.0
1711.0,86.8158391129581,0.5,5.0,0.846645127905469,2,3,0.0
1712.0,86.8777865175579,0.25,5.0,0.0259593395216421,2,3,0.0
1713.0,90.6974261094161,0.5,5.0,0.0573136378964797,2,3,0.0
1714.0,84.6183501736647,0.75,5.0,0.186749014608907,2,3,0.0
1715.0,80.7164264621206,1.0,5.0,1.92947600264856,2,3,0.0
1716.0,78.2674208259965,0.75,5.0,4.148812917696,2,3,0.0
1717.0,92.8202517087764,0.5,5.0,1.12250214982486,2,3,0.0
1718.0,85.2779450193802,0.25,5.0,0.0284984304491261,2,3,0.0
1719.0,99.3629954188452,0.5,5.0,0.105519855355659,2,3,0.0
1720.0,101.271726843855,0.75,5.0,0.851567173870714,2,3,0.0
1721.0,90.4994150737625,0.5,5.0,0.197947103097946,2,3,0.0
1722.0,90.9137384849457,0.75,5.0,1.56061751553918,2,3,0.0
1723.0,93.6818650810519,0.5,5.0,0.335455311122275,2,3,0.0
1724.0,86.8249421420529,0.75,5.0,0.350098258721623,2,3,0.0
1725.0,88.0134630572303,1.0,5.0,5.38315611635639,2,3,0.0
1726.0,91.4202287289072,0.75,5.0,9.79313671665504,2,3,92.0
1727.0,94.5252684490651,0.5,5.0,5.67394969195969,2,3,94.0
1728.0,99.6443057549693,0.25,5.0,0.403091669726589,2,3,0.0
1729.0,101.425046357603,0.5,5.0,0.106804650331868,2,3,0.0
1730.0,102.16528567976,0.75,5.0,2.62897116365865,2,3,0.0
1731.0,109.437250352556,0.5,5.0,3.51093429840724,2,3,41.0
1732.0,104.854448443288,0.25,5.0,0.113634583933218,2,3,0.0
1733.0,100.199063466788,0.5,5.0,0.094725724566335,2,3,0.0
1734.0,99.1490581972137,0.75,5.0,3.15369151162567,2,3,0.0
1735.0,112.453530388082,0.5,5.0,4.84510143942185,2,3,40.0
1736.0,109.511626997622,0.25,5.0,0.688935558899732,2,3,0.0
1737.0,112.019174925959,0.5,5.0,0.101805821047319,2,3,0.0
1738.0,100.839964580814,0.75,5.0,1.59765396579222,2,3,0.0
1739.0,100.380492212885,0.5,5.0,1.44498776003369,2,3,0.0
1740.0,105.862504751425,0.25,5.0,0.0395003026200098,2,3,0.0
1741.0,111.607861412073,0.5,5.0,0.20783861151534,2,3,0.0
1742.0,118.953388861373,0.75,5.0,3.16865937679888,2,3,0.0
1743.0,111.855876806801,0.5,5.0,4.35142138777923,2,3,50.0
1744.0,111.008600983959,0.25,5.0,0.369877217699584,2,3,0.0
1745.0,107.475173726042,0.5,5.0,0.177861178558443,2,3,0.0
1746.0,107.1862501523,0.75,5.0,2.73676168159638,2,3,0.0
1747.0,110.075500860192,0.5,5.0,4.50139594308973,2,3,31.0
1748.0,111.182816872825,0.25,5.0,0.274988141530727,2,3,0.0
1749.0,110.510952604996,0.5,5.0,0.175365102072064,2,3,0.0
1750.0,111.930414190124,0.75,5.0,3.02188303027915,2,3,0.0
1751.0,115.162704366261,0.5,5.0,5.98734732708192,2,3,59.0
1752.0,119.455301298511,0.25,5.0,1.36143858481897,2,3,10.0
1753.0,122.633867649123,0.0,5.0,0.0028467470913834,2,3,0.0
1754.0,125.547492758154,0.25,5.0,0.0338492844512939,2,3,0.0
1755.0,119.628716101733,0.5,5.0,0.466852731704867,2,3,0.0
1756.0,124.268785512178,0.75,5.0,5.27614139098651,2,3,0.0
1757.0,129.251125317887,0.5,5.0,10.5660856792472,2,3,171.0
1758.0,128.836447411266,0.25,5.0,3.77367785171183,2,3,120.0
1759.0,125.321003188112,0.0,5.0,0.0026036124522792,2,3,0.0
1760.0,129.840690193186,0.25,5.0,0.0368960819195104,2,3,0.0
1761.0,133.648075378497,0.5,5.0,0.995175911301104,2,3,0.0
1762.0,124.975239872407,0.25,5.0,0.276692158431195,2,3,0.0
1763.0,119.454637031209,0.5,5.0,0.439049819600112,2,3,0.0
1764.0,130.721268116776,0.75,5.0,6.18072711822613,2,3,0.0
1765.0,132.19387270978,0.5,5.0,11.9803398295258,2,3,198.0
1766.0,137.579954234531,0.25,5.0,5.55053922233437,2,3,241.0
1767.0,126.500824729674,0.0,5.0,0.0024550092909865,2,3,0.0
1768.0,123.737758063543,0.25,5.0,0.0375387124142145,2,3,0.0
1769.0,128.202425321628,0.5,5.0,0.62223500276661,2,3,0.0
1770.0,124.655197231713,0.75,5.0,5.04921990270483,2,3,0.0
1771.0,126.791485657159,0.5,5.0,10.3235215124828,2,3,154.0
1772.0,131.138607050962,0.25,5.0,3.82212161572595,2,3,137.0
1773.0,131.413946803899,0.0,5.0,0.0031240248002966,2,3,0.0
1774.0,124.652410436337,0.25,5.0,0.0348509525039594,2,3,0.0
1775.0,127.40905470723,0.5,5.0,0.333057238979152,2,3,0.0
1776.0,127.555741231903,0.75,5.0,6.6501089842725,2,3,0.0
1777.0,135.760163036699,0.5,5.0,12.4031958557011,2,3,238.0
1778.0,140.184909304327,0.25,5.0,5.89957292875673,2,3,293.0
1779.0,138.360501781718,0.0,5.0,0.0618737479910104,2,3,0.0
1780.0,130.007046188769,0.25,5.0,0.0418944336934368,2,3,0.0
1781.0,142.101364030242,0.5,5.0,1.56132940490941,2,3,0.0
1782.0,144.102508528459,0.25,5.0,0.954421398430399,2,3,0.0
1783.0,140.947526103658,0.0,5.0,0.0026673177757346,2,3,0.0
1784.0,136.986510365736,0.25,5.0,0.0387960439094708,2,3,0.0
1785.0,133.17492265406,0.5,5.0,0.735339676316168,2,3,0.0
1786.0,134.488149801437,0.75,5.0,5.95547540317206,2,3,0.0
1787.0,126.625504476289,0.5,5.0,10.9800959138626,2,3,162.0
1788.0,128.257274842387,0.25,5.0,3.98156124522653,2,3,227.0
1789.0,130.390175624248,0.0,5.0,0.0028884930242909,2,3,0.0
1790.0,132.222317077088,0.25,5.0,0.0394564456371911,2,3,0.0
1791.0,132.947980564762,0.5,5.0,1.2559605271327,2,3,0.0
1792.0,150.272943979816,0.25,5.0,1.32052167802452,2,3,16.0
1793.0,150.580896706786,0.0,5.0,0.0028439172248532,2,3,0.0
1794.0,144.632500715643,0.25,5.0,0.0371045787069283,2,3,0.0
1795.0,134.55166660273,0.5,5.0,1.77206730032024,2,3,0.0
1796.0,141.18433509844,0.25,5.0,1.3770051076567,2,3,0.0
1797.0,141.746051203149,0.0,5.0,0.0027256178256025,2,3,0.0
1798.0,136.34620278978,0.25,5.0,0.0430781376238275,2,3,0.0
1799.0,142.167617087694,0.5,5.0,0.942398107542309,2,3,0.0
1800.0,130.951796403841,0.25,5.0,0.430719910267306,2,4,0.0
1801.0,129.221259236885,0.5,5.0,0.714211828096328,2,4,0.0
1802.0,130.850148308831,0.75,5.0,6.8391710042502,2,4,0.0
1803.0,142.847541889525,0.5,5.0,12.9794038814647,2,4,250.0
1804.0,146.572035741024,0.25,5.0,6.25035898252446,2,4,292.0
1805.0,150.294500969642,0.0,5.0,0.0408859070001506,2,4,0.0
1806.0,147.476835108475,0.25,5.0,0.0386840694567948,2,4,0.0
1807.0,144.068775125984,0.5,5.0,1.413649473521,2,4,0.0
1808.0,146.418292500921,0.25,5.0,1.06805983871258,2,4,68.0
1809.0,146.536540694041,0.0,5.0,0.0030087620818021,2,4,0.0
1810.0,144.137721873771,0.25,5.0,0.0414601256550376,2,4,0.0
1811.0,138.690445244905,0.5,5.0,1.58674580108548,2,4,0.0
1812.0,140.881753229574,0.25,5.0,1.12160339942182,2,4,10.0
1813.0,128.453872298275,0.0,5.0,0.0027802049483657,2,4,0.0
1814.0,128.742515031953,0.25,5.0,0.0412762094293507,2,4,0.0
1815.0,135.473792557168,0.5,5.0,0.924322023766981,2,4,0.0
1816.0,140.438351146602,0.25,5.0,0.685373015534574,2,4,0.0
1817.0,138.382366385804,0.5,5.0,1.36193898212788,2,4,0.0
1818.0,135.59309109517,0.25,5.0,0.655006759030374,2,4,0.0
1819.0,135.522542422761,0.5,5.0,1.43574344553278,2,4,0.0
1820.0,139.286967744179,0.25,5.0,1.05540003264993,2,4,50.0
1821.0,127.901408859667,0.0,5.0,0.0030925517291393,2,4,0.0
1822.0,128.443448393341,0.25,5.0,0.0415523829489975,2,4,0.0
1823.0,131.013752826496,0.5,5.0,1.03703142492213,2,4,0.0
1824.0,133.505467898868,0.25,5.0,0.788346130146977,2,4,0.0
1825.0,136.614773550119,0.0,5.0,0.0026671845804324,2,4,0.0
1826.0,126.106244131527,0.25,5.0,0.03671271265276,2,4,0.0
1827.0,124.698531390813,0.5,5.0,0.561621408696831,2,4,0.0
1828.0,126.317515461549,0.75,5.0,5.84320200058404,2,4,0.0
1829.0,136.904762984904,0.5,5.0,11.886555631903,2,4,173.0
1830.0,126.88142174166,0.25,5.0,4.57829362546498,2,4,135.0
1831.0,136.240123985006,0.0,5.0,0.0050930045508606,2,4,0.0
1832.0,140.044993681169,0.25,5.0,0.0366351748230766,2,4,0.0
1833.0,139.487121880309,0.5,5.0,1.06645974490615,2,4,0.0
1834.0,138.658466599274,0.25,5.0,0.678124768042279,2,4,0.0
1835.0,127.203086102421,0.5,5.0,0.372184892074566,2,4,0.0
1836.0,119.552322748617,0.75,5.0,5.02816809985297,2,4,0.0
1837.0,127.993857607817,0.5,5.0,11.7562074318721,2,4,183.0
1838.0,136.958193577403,0.25,5.0,5.15926068395399,2,4,250.0
1839.0,126.479779976701,0.0,5.0,0.0026241341375726,2,4,0.0
1840.0,130.70612069623,0.25,5.0,0.0379202424649632,2,4,0.0
1841.0,135.159340930127,0.5,5.0,0.300163431549472,2,4,0.0
1842.0,120.098785970981,0.75,5.0,4.30567473197314,2,4,0.0
1843.0,118.763867266299,0.5,5.0,8.04137387837725,2,4,111.0
1844.0,119.322508058108,0.25,5.0,2.47633252013984,2,4,118.0
1845.0,118.335178183307,0.0,5.0,0.0026959006719967,2,4,0.0
1846.0,121.320507826779,0.25,5.0,0.0319440783034719,2,4,0.0
1847.0,111.967835606295,0.5,5.0,0.714462238374264,2,4,0.0
1848.0,128.974435295215,0.75,5.0,6.20746565536586,2,4,0.0
1849.0,115.49169653826,0.5,5.0,9.1461635193456,2,4,92.0
1850.0,108.927693198834,0.25,5.0,2.25284918525816,2,4,45.0
1851.0,109.167614802153,0.0,5.0,0.0026491682922564,2,4,0.0
1852.0,109.907610328039,0.25,5.0,0.0335501500417374,2,4,0.0
1853.0,116.084389624455,0.5,5.0,0.701935823533368,2,4,0.0
1854.0,128.018174409012,0.75,5.0,4.87348836003622,2,4,0.0
1855.0,113.835142235537,0.5,5.0,7.40848630785196,2,4,58.0
1856.0,115.623821346713,0.25,5.0,2.29620844611402,2,4,0.0
1857.0,118.513642896943,0.0,5.0,0.0026403217731716,2,4,0.0
1858.0,115.565866399613,0.25,5.0,0.0350124220926912,2,4,0.0
1859.0,106.951013845084,0.5,5.0,0.145319521743185,2,4,0.0
1860.0,105.643141982753,0.75,5.0,3.20446575712024,2,4,0.0
1861.0,110.289408239505,0.5,5.0,5.06300695733657,2,4,19.0
1862.0,104.328608216869,0.25,5.0,0.749897952713943,2,4,0.0
1863.0,103.692074195934,0.5,5.0,0.145946247302427,2,4,0.0
1864.0,102.735571538531,0.75,5.0,2.46424644524626,2,4,0.0
1865.0,100.990506492043,0.5,5.0,2.7975448658022,2,4,26.0
1866.0,98.3380489880557,0.25,5.0,0.0365786067292936,2,4,0.0
1867.0,100.544539657539,0.5,5.0,0.233561481102755,2,4,0.0
1868.0,112.866164020201,0.75,5.0,3.61775952227849,2,4,0.0
1869.0,112.057157908261,0.5,5.0,6.07016885324579,2,4,101.0
1870.0,109.821479444926,0.25,5.0,1.0218625927395,2,4,0.0
1871.0,107.518803448052,0.0,5.0,0.0027175898158546,2,4,0.0
1872.0,105.301165577215,0.25,5.0,0.0298976335623296,2,4,0.0
1873.0,98.7611287161624,0.5,5.0,0.141914804034421,2,4,0.0
1874.0,104.729624426297,0.75,5.0,2.48163291836778,2,4,0.0
1875.0,105.367282335092,0.5,5.0,3.34121990279752,2,4,39.0
1876.0,106.424461294529,0.25,5.0,0.228407172614409,2,4,0.0
1877.0,93.2480597631522,0.5,5.0,0.0804137426819525,2,4,0.0
1878.0,85.8680365699446,0.75,5.0,1.50973558135406,2,4,0.0
1879.0,88.675785351185,0.5,5.0,0.485311735858701,2,4,0.0
1880.0,90.6751320693281,0.75,5.0,1.54467314941564,2,4,0.0
1881.0,94.0573673703003,0.5,5.0,1.57678447179543,2,4,0.0
1882.0,94.298367503479,0.25,5.0,0.0274094336350044,2,4,0.0
1883.0,83.2185725769604,0.5,5.0,0.101900718035191,2,4,0.0
1884.0,86.268318221004,0.75,5.0,1.8919281072459,2,4,0.0
1885.0,96.0263889068858,0.5,5.0,2.10525317612866,2,4,0.0
1886.0,84.982566851827,0.25,5.0,0.0278552891433888,2,4,0.0
1887.0,80.5989115951027,0.5,5.0,0.108663249121418,2,4,0.0
1888.0,86.9052274783772,0.75,5.0,0.30360715357095,2,4,0.0
1889.0,79.3498939608034,1.0,5.0,3.14272272301418,2,4,0.0
1890.0,78.091683417341,0.75,5.0,5.53892618338689,2,4,16.0
1891.0,85.7128308524615,0.5,5.0,2.07269946130326,2,4,0.0
1892.0,87.1772114206732,0.25,5.0,0.0284357999137651,2,4,0.0
1893.0,82.3514136522902,0.5,5.0,0.0648942627704911,2,4,0.0
1894.0,80.4648522249784,0.75,5.0,0.769734596640582,2,4,0.0
1895.0,86.620284451598,0.5,5.0,0.252792677142055,2,4,0.0
1896.0,75.6774185120133,0.75,5.0,0.139447933094202,2,4,0.0
1897.0,67.4977294275722,1.0,5.0,1.2174094481141,2,4,0.0
1898.0,68.0601261393121,0.75,5.0,0.896990476213857,2,4,0.0
1899.0,71.3908002174956,0.5,5.0,0.08233203088096,2,4,0.0
1900.0,76.5848690661112,0.75,5.0,0.523185463093157,2,4,0.0
1901.0,80.6630396681234,1.0,5.0,2.86175425834616,2,4,0.0
1902.0,71.7119481185844,0.75,5.0,2.2097640594744,2,4,0.0
1903.0,63.4434554647489,0.5,5.0,0.0608540121961089,2,4,0.0
1904.0,65.9464967243132,0.75,5.0,0.115240366297674,2,4,0.0
1905.0,64.9156673545038,1.0,5.0,0.521903241228506,2,4,0.0
1906.0,63.2538016770548,1.0,4.0,4.95811439369784,2,4,0.0
1907.0,71.1077896040578,1.0,5.0,11.644106591592,2,4,84.0
1908.0,76.5108047283181,0.75,5.0,12.4434796275396,2,4,126.0
1909.0,76.3401817571764,0.5,5.0,5.25446191557052,2,4,53.0
1910.0,78.7079873881117,0.25,5.0,0.0272434247114701,2,4,0.0
1911.0,70.4895218557379,0.5,5.0,0.0691953137024297,2,4,0.0
1912.0,78.0560066899766,0.75,5.0,0.535695017877802,2,4,0.0
1913.0,81.3141162580265,1.0,5.0,3.00145352312532,2,4,0.0
1914.0,75.9772666252036,0.75,5.0,3.80242014286678,2,4,0.0
1915.0,70.1187615723978,0.5,5.0,0.125429343992494,2,4,0.0
1916.0,61.201000735781,0.75,5.0,0.128367471649729,2,4,0.0
1917.0,65.9950980248235,1.0,5.0,2.02300002695746,2,4,0.0
1918.0,71.9511115142183,0.75,5.0,3.14868943953341,2,4,0.0
1919.0,77.1644669339143,0.5,5.0,0.754675176812451,2,4,0.0
1920.0,64.2524809842173,0.25,5.0,0.0241261540281518,2,4,0.0
1921.0,74.652697453832,0.5,5.0,0.0740850181857983,2,4,0.0
1922.0,76.4625044276384,0.75,5.0,0.229399483644876,2,4,0.0
1923.0,75.8479010785033,1.0,5.0,3.51617985393273,2,4,0.0
1924.0,74.5562291047443,0.75,5.0,3.59974891874326,2,4,17.0
1925.0,65.2212564605224,0.5,5.0,0.0664550665525982,2,4,0.0
1926.0,71.9859295608028,0.75,5.0,0.112556569095397,2,4,0.0
1927.0,64.7932069381536,1.0,5.0,2.11465758466558,2,4,0.0
1928.0,74.3417050779777,0.75,5.0,5.29170735986786,2,4,0.0
1929.0,80.365189527242,0.5,5.0,1.48227164928789,2,4,0.0
1930.0,79.0589519948189,0.25,5.0,0.0253755297692265,2,4,0.0
1931.0,70.4256260424007,0.5,5.0,0.0693843577009566,2,4,0.0
1932.0,72.5419287042791,0.75,5.0,0.389981966970214,2,4,0.0
1933.0,75.0802690520027,1.0,5.0,1.96800815792343,2,4,0.0
1934.0,70.1933152359942,0.75,5.0,1.26219026172859,2,4,0.0
1935.0,71.8537165232919,0.5,5.0,0.0870834064768506,2,4,0.0
1936.0,79.2709399076846,0.75,5.0,0.461649024143961,2,4,0.0
1937.0,81.7361667401807,1.0,5.0,3.71826264616596,2,4,0.0
1938.0,72.8009929121366,0.75,5.0,3.21108538373737,2,4,0.0
1939.0,71.6730490856501,0.5,5.0,0.0671071881905212,2,4,0.0
1940.0,63.0368811448391,0.75,5.0,0.244469939340552,2,4,0.0
1941.0,73.0669677535648,1.0,5.0,4.4646670352457,2,4,0.0
1942.0,79.4456022266819,0.75,5.0,7.10965555437883,2,4,36.0
1943.0,76.0604382535878,0.5,5.0,2.00763190524448,2,4,0.0
1944.0,74.4754787318418,0.25,5.0,0.0247778271935724,2,4,0.0
1945.0,70.2144330804006,0.5,5.0,0.0563279446748792,2,4,0.0
1946.0,64.7589483815695,0.75,5.0,0.195371948610731,2,4,0.0
1947.0,73.8861766892808,1.0,5.0,2.32857814261102,2,4,0.0
1948.0,72.8819318773336,0.75,5.0,2.40881818957278,2,4,0.0
1949.0,71.0766924329124,0.5,5.0,0.071014347247126,2,4,0.0
1950.0,78.2885268101903,0.75,5.0,0.139460729041601,2,4,0.0
1951.0,64.0498784754102,1.0,5.0,0.789274447829314,2,4,0.0
1952.0,65.8752372147316,0.75,5.0,0.815543308552578,2,4,0.0
1953.0,64.7862006624971,0.5,5.0,0.0558727317311693,2,4,0.0
1954.0,62.2796183146325,0.75,5.0,0.164507595903541,2,4,0.0
1955.0,70.2529123447569,1.0,5.0,3.54534599280775,2,4,0.0
1956.0,75.0216696238558,0.75,5.0,4.68893101476042,2,4,22.0
1957.0,73.2391746893727,0.5,5.0,0.126052598767212,2,4,0.0
1958.0,64.6892869082057,0.75,5.0,0.111928476628381,2,4,0.0
1959.0,63.0930978913186,1.0,5.0,0.413762403243538,2,4,0.0
1960.0,62.4844388583031,1.0,4.0,5.10265591315572,2,4,0.0
1961.0,71.6951070577066,1.0,5.0,11.2871744957321,2,4,94.0
1962.0,63.4230853079943,0.75,5.0,8.01193615804976,2,4,96.0
1963.0,64.2104936816377,0.5,5.0,0.891341414114599,2,4,0.0
1964.0,64.2059893944488,0.25,5.0,0.027617563932544,2,4,0.0
1965.0,64.3565293346267,0.5,5.0,0.0542874708234493,2,4,0.0
1966.0,61.2650676091446,0.75,5.0,0.118705900534993,2,4,0.0
1967.0,63.1897807996981,1.0,5.0,1.35555566134283,2,4,0.0
1968.0,70.0794074238362,0.75,5.0,2.18646348462378,2,4,0.0
1969.0,78.9182759159228,0.5,5.0,0.277208883736799,2,4,0.0
1970.0,77.3859301942467,0.75,5.0,0.299240679039788,2,4,0.0
1971.0,75.7340504104713,1.0,5.0,0.628858692882812,2,4,0.0
1972.0,65.0102053962546,1.0,4.0,4.06306941104033,2,4,0.0
1973.0,62.0500826883983,1.0,5.0,6.52421497457804,2,4,33.0
1974.0,60.2033993696488,0.75,5.0,1.87298663386624,2,4,0.0
1975.0,66.7824912821499,0.5,5.0,0.0662103357348827,2,4,0.0
1976.0,70.1880313990646,0.75,5.0,0.166533878115422,2,4,0.0
1977.0,74.9547998324719,1.0,5.0,3.00823421373337,2,4,0.0
1978.0,72.2811719908806,0.75,5.0,2.08167828749704,2,4,0.0
1979.0,64.4485588974068,0.5,5.0,0.0661684474521615,2,4,0.0
1980.0,69.5145350979558,0.75,5.0,0.227510899310403,2,4,0.0
1981.0,76.8521715156279,1.0,5.0,3.37405013592285,2,4,0.0
1982.0,79.3224202634252,0.75,5.0,5.95244122672591,2,4,6.0
1983.0,75.5165583559778,0.5,5.0,0.969931375693382,2,4,0.0
1984.0,77.4763185508492,0.25,5.0,0.0277964693752683,2,4,0.0
1985.0,72.9499913905307,0.5,5.0,0.065627318351503,2,4,0.0
1986.0,72.8443242332915,0.75,5.0,0.221714155493565,2,4,0.0
1987.0,78.1501179376947,1.0,5.0,3.61411923104966,2,4,0.0
1988.0,79.3817801177789,0.75,5.0,6.27964467116249,2,4,5.0
1989.0,73.286884245889,0.5,5.0,0.919111698080376,2,4,0.0
1990.0,64.3315804680089,0.25,5.0,0.0271616673287095,2,4,0.0
1991.0,72.8299399502093,0.5,5.0,0.0656213215152515,2,4,0.0
1992.0,74.0971395661746,0.75,5.0,0.16380289825698,2,4,0.0
1993.0,67.5802138087052,1.0,5.0,1.27136011744952,2,4,0.0
1994.0,67.4421668350627,0.75,5.0,0.540247152022362,2,4,0.0
1995.0,73.0816632464304,1.0,5.0,3.86081947309281,2,4,0.0
1996.0,77.1373586198745,0.75,5.0,4.17486288336725,2,4,15.0
1997.0,70.058841347568,0.5,5.0,0.154525539473723,2,4,0.0
1998.0,61.5778378221454,0.75,5.0,0.150545156451685,2,4,0.0
1999.0,64.1971579134054,1.0,5.0,0.274443980465349,2,4,0.0
2000.0,60.7908636233057,1.0,4.0,5.94099879870701,2,4,0.0
2001.0,72.450812147908,1.0,5.0,10.4872006584702,2,4,77.0
2002.0,63.1000166222123,0.75,5.0,7.43725890935705,2,4,61.0
2003.0,68.3924226688848,0.5,5.0,1.24957671830831,2,4,0.0
2004.0,71.0908711226456,0.25,5.0,0.0254588336794965,2,4,0.0
2005.0,72.1619953248259,0.5,5.0,0.0739057907754099,2,4,0.0
2006.0,78.3570271327027,0.75,5.0,0.220877691249741,2,4,0.0
2007.0,75.811035192146,1.0,5.0,1.01748659316138,2,4,0.0
2008.0,66.5269644934734,0.75,5.0,0.524166886036159,2,4,0.0
2009.0,65.2362985612654,1.0,5.0,2.24873237275196,2,4,0.0
2010.0,78.5122766640889,0.75,5.0,6.40273875519818,2,4,14.0
2011.0,82.909241931194,0.5,5.0,2.20344136966369,2,4,4.0
2012.0,67.5090454552207,0.25,5.0,0.024657675369219,2,4,0.0
2013.0,70.7715451564391,0.5,5.0,0.0672615948912055,2,4,0.0
2014.0,71.547882672062,0.75,5.0,0.596537605586274,2,4,0.0
2015.0,80.7583864209642,1.0,5.0,4.59894998584892,2,4,0.0
2016.0,85.1743690457308,0.75,5.0,8.52868475504386,2,4,52.0
2017.0,82.0446902139292,0.5,5.0,3.33356779819057,2,4,41.0
2018.0,77.735900640327,0.25,5.0,0.028117967928507,2,4,0.0
2019.0,85.7913448871148,0.5,5.0,0.0924038628659149,2,4,0.0
2020.0,91.439486015385,0.75,5.0,1.10618572844778,2,4,0.0
2021.0,90.2058559263853,0.5,5.0,0.653787411896543,2,4,0.0
2022.0,90.1492598721963,0.75,5.0,1.30196505605463,2,4,0.0
2023.0,91.6338455618043,0.5,5.0,0.672145265541734,2,4,0.0
2024.0,90.3640302500461,0.75,5.0,1.32906382861095,2,4,0.0
2025.0,90.931756370853,0.5,5.0,0.761342324021835,2,4,0.0
2026.0,89.2332513356774,0.25,5.0,0.0309010193459957,2,4,0.0
2027.0,84.6355533585189,0.5,5.0,0.0712703292948217,2,4,0.0
2028.0,83.8645237228196,0.75,5.0,0.68373343395021,2,4,0.0
2029.0,87.3820285536015,1.0,5.0,6.13529068929405,2,4,0.0
2030.0,89.9845605821765,0.75,5.0,12.0311398135587,2,4,91.0
2031.0,96.3418288481384,0.5,5.0,8.84777696948505,2,4,194.0
2032.0,90.4910152869551,0.25,5.0,0.931893237458927,2,4,0.0
2033.0,88.6054265236701,0.0,5.0,0.0027668461607406,2,4,0.0
2034.0,81.6482679374631,0.25,5.0,0.0303060150733742,2,4,0.0
2035.0,85.3887680835915,0.5,5.0,0.0801420752409992,2,4,0.0
2036.0,81.9236303053096,0.75,5.0,0.55504725664625,2,4,0.0
2037.0,81.3473026053211,1.0,5.0,5.22408873728614,2,4,0.0
2038.0,86.3326020262029,0.75,5.0,9.99366081658162,2,4,53.0
2039.0,85.9077860322672,0.5,5.0,4.75401275919287,2,4,49.0
2040.0,86.576922511242,0.25,5.0,0.0283258956533469,2,4,0.0
2041.0,87.7300530196639,0.5,5.0,0.123863875832031,2,4,0.0
2042.0,94.8672764590703,0.75,5.0,2.43571461149835,2,4,0.0
2043.0,97.5634828115279,0.5,5.0,1.9161415456045,2,4,0.0
2044.0,85.4481277723946,0.25,5.0,0.0258753895942157,2,4,0.0
2045.0,84.591514745169,0.5,5.0,0.0941983368440336,2,4,0.0
2046.0,91.4612189279747,0.75,5.0,1.13788855919302,2,4,0.0
2047.0,93.2234246518793,0.5,5.0,0.99161904241404,2,4,0.0
2048.0,89.5751577537374,0.25,5.0,0.030142932888395,2,4,0.0
2049.0,87.6100650816523,0.5,5.0,0.0868023725025821,2,4,0.0
2050.0,90.0908541763003,0.75,5.0,1.02573505600857,2,4,0.0
2051.0,88.4147399068801,0.5,5.0,0.323817334083226,2,4,0.0
2052.0,87.6187702412268,0.75,5.0,2.4265669280199,2,4,0.0
2053.0,96.4972335653187,0.5,5.0,2.12830387691858,2,4,0.0
2054.0,93.1710527098282,0.25,5.0,0.0342892899488991,2,4,0.0
2055.0,100.243009912467,0.5,5.0,0.0984550499891892,2,4,0.0
2056.0,96.3050767545214,0.75,5.0,2.12323500001486,2,4,0.0
2057.0,95.2216297319348,0.5,5.0,1.16418570051514,2,4,0.0
2058.0,90.3373512520787,0.25,5.0,0.0348806412348521,2,4,0.0
2059.0,98.4746587855631,0.5,5.0,0.139030445460252,2,4,0.0
2060.0,100.474916557414,0.75,5.0,1.415391897754,2,4,0.0
2061.0,87.5640665374983,0.5,5.0,0.96360461151159,2,4,0.0
2062.0,100.167527266548,0.25,5.0,0.0299885385569398,2,4,0.0
2063.0,99.4888033217864,0.5,5.0,0.122053858974817,2,4,0.0
2064.0,91.2028958534789,0.75,5.0,1.51135728386833,2,4,0.0
2065.0,95.0534115679539,0.5,5.0,1.4663323604903,2,4,0.0
2066.0,92.6248878932047,0.25,5.0,0.0331383905439219,2,4,0.0
2067.0,105.176063030497,0.5,5.0,0.247294993744038,2,4,0.0
2068.0,109.137244857042,0.75,5.0,3.85394310960579,2,4,0.0
2069.0,107.042473666635,0.5,5.0,5.19718348256782,2,4,60.0
2070.0,99.4976171620338,0.25,5.0,0.571979220226721,2,4,0.0
2071.0,102.329236804723,0.5,5.0,0.17322978757508,2,4,0.0
2072.0,102.581596152063,0.75,5.0,2.33166708098631,2,4,0.0
2073.0,102.675669040587,0.5,5.0,3.9697688525816,2,4,64.0
2074.0,112.094663399784,0.25,5.0,0.557425304053409,2,4,0.0
2075.0,97.8483210102286,0.5,5.0,0.126097481427468,2,4,0.0
2076.0,103.104255827712,0.75,5.0,2.95375187026112,2,4,0.0
2077.0,106.661709082853,0.5,5.0,4.42208127110715,2,4,43.0
2078.0,101.084427219543,0.25,5.0,0.261500293769239,2,4,0.0
2079.0,101.66065318185,0.5,5.0,0.128432991687566,2,4,0.0
2080.0,103.118021043124,0.75,5.0,3.65622702293076,2,4,0.0
2081.0,110.883979627209,0.5,5.0,5.43973114661485,2,4,75.0
2082.0,108.120210172437,0.25,5.0,0.85448309211992,2,4,14.0
2083.0,102.685123031875,0.0,5.0,0.002736877214059,2,4,0.0
2084.0,104.880117462687,0.25,5.0,0.0347532415268481,2,4,0.0
2085.0,102.114690790722,0.5,5.0,0.115679156565285,2,4,0.0
2086.0,99.1198481868641,0.75,5.0,2.52302564957152,2,4,0.0
2087.0,96.2397272247065,0.5,5.0,2.39856945721518,2,4,0.0
2088.0,101.505238751567,0.25,5.0,0.0764631414513793,2,4,0.0
2089.0,95.7594609103297,0.5,5.0,0.146143881230016,2,4,0.0
2090.0,96.4835124334112,0.75,5.0,1.86745190953326,2,4,0.0
2091.0,97.9189758761576,0.5,5.0,2.40764196000341,2,4,0.0
2092.0,109.810165749162,0.25,5.0,0.183365942935341,2,4,0.0
2093.0,101.556481736514,0.5,5.0,0.192199672362771,2,4,0.0
2094.0,103.060181914103,0.75,5.0,2.4366574430041,2,4,0.0
2095.0,104.701306133925,0.5,5.0,4.08093321444383,2,4,40.0
2096.0,107.783373687674,0.25,5.0,0.525817465220799,2,4,0.0
2097.0,97.2357321541711,0.5,5.0,0.129275633485807,2,4,0.0
2098.0,101.451786745624,0.75,5.0,2.38877191607229,2,4,0.0
2099.0,105.274536709566,0.5,5.0,3.42850423758341,2,4,33.0
2100.0,98.0154581334036,0.25,5.0,0.0663023484441231,2,4,0.0
2101.0,108.23481828555,0.5,5.0,0.147379524017587,2,4,0.0
2102.0,103.570898979482,0.75,5.0,2.50120450148158,2,4,0.0
2103.0,97.3165353448009,0.5,5.0,1.81328458942145,2,4,0.0
2104.0,98.6594572574419,0.25,5.0,0.0390881944735943,2,4,0.0
2105.0,102.732044163521,0.5,5.0,0.178131225617427,2,4,0.0
2106.0,114.810091848945,0.75,5.0,3.27041717560322,2,4,0.0
2107.0,109.054934247074,0.5,5.0,4.11091211877437,2,4,74.0
2108.0,103.433050713609,0.25,5.0,0.498365231641362,2,4,0.0
2109.0,96.9101848327229,0.5,5.0,0.112083331696997,2,4,0.0
2110.0,102.760712483216,0.75,5.0,3.20047227921858,2,4,0.0
2111.0,111.602959869258,0.5,5.0,5.93708651480974,2,4,35.0
2112.0,114.345983537824,0.25,5.0,1.35664869270524,2,4,0.0
2113.0,111.485641725795,0.0,5.0,0.0026831163977214,2,4,0.0
2114.0,104.748459357065,0.25,5.0,0.030862491419844,2,4,0.0
2115.0,100.90610473063,0.5,5.0,0.104775709500483,2,4,0.0
2116.0,96.2889520013433,0.75,5.0,2.55165900096691,2,4,0.0
2117.0,97.9137748763336,0.5,5.0,3.39252338570688,2,4,26.0
2118.0,97.9524518565358,0.25,5.0,0.0954578166423404,2,4,0.0
2119.0,94.7791992369452,0.5,5.0,0.120677318829276,2,4,0.0
2120.0,96.4458401472259,0.75,5.0,2.72707849868407,2,4,0.0
2121.0,103.739826189887,0.5,5.0,3.07612453175169,2,4,14.0
2122.0,96.161190190143,0.25,5.0,0.0355039508359415,2,4,0.0
2123.0,95.0699095857803,0.5,5.0,0.111757417790185,2,4,0.0
2124.0,96.1461847343001,0.75,5.0,1.64031371420556,2,4,0.0
2125.0,94.4431141395197,0.5,5.0,1.67445351752227,2,4,0.0
2126.0,100.230696301496,0.25,5.0,0.0327721215757938,2,4,0.0
2127.0,94.4817636349284,0.5,5.0,0.10115292577948,2,4,0.0
2128.0,97.3123471180977,0.75,5.0,2.02900483148772,2,4,0.0
2129.0,94.0892146524413,0.5,5.0,1.96672321579589,2,4,0.0
2130.0,98.1879585531918,0.25,5.0,0.0305915983979627,2,4,0.0
2131.0,94.3813536326932,0.5,5.0,0.117681467193854,2,4,0.0
2132.0,92.7170781378687,0.75,5.0,2.34581531655695,2,4,0.0
2133.0,106.397985149283,0.5,5.0,4.23787651327065,2,4,5.0
2134.0,105.057750469329,0.25,5.0,0.383426298011418,2,4,0.0
2135.0,97.2177242665591,0.5,5.0,0.154452279113516,2,4,0.0
2136.0,100.899015126146,0.75,5.0,2.91035165066999,2,4,0.0
2137.0,105.846124404763,0.5,5.0,4.43029165186859,2,4,6.0
2138.0,103.74382321012,0.25,5.0,0.539045473180728,2,4,0.0
2139.0,101.453767077246,0.5,5.0,0.116585500857052,2,4,0.0
2140.0,98.7598262977048,0.75,5.0,1.93856289052688,2,4,0.0
2141.0,95.7961585862132,0.5,5.0,2.34266267476252,2,4,17.0
2142.0,101.293403803149,0.25,5.0,0.0705911241360496,2,4,0.0
2143.0,110.43931561518,0.5,5.0,0.132541644078054,2,4,0.0
2144.0,101.169186006455,0.75,5.0,2.4917686037005,2,4,0.0
2145.0,104.165437774953,0.5,5.0,3.97405357003216,2,4,4.0
2146.0,106.152737875434,0.25,5.0,0.319658787659553,2,4,0.0
2147.0,103.903946206002,0.5,5.0,0.0901051718233446,2,4,0.0
2148.0,90.9312391071379,0.75,5.0,0.892933586822169,2,4,0.0
2149.0,86.4981644630945,0.5,5.0,0.285750902244152,2,4,0.0
2150.0,89.8938676545494,0.75,5.0,1.79707178568042,2,4,0.0
2151.0,98.6574570186831,0.5,5.0,2.00591617246545,2,4,0.0
2152.0,99.8130745042022,0.25,5.0,0.0330384720772724,2,4,0.0
2153.0,95.7761895856182,0.5,5.0,0.0975894795769591,2,4,0.0
2154.0,95.9908610970445,0.75,5.0,1.6537368439432,2,4,0.0
2155.0,93.8588626672328,0.5,5.0,1.0504739737797,2,4,0.0
2156.0,91.9318205450376,0.25,5.0,0.0309677530772023,2,4,0.0
2157.0,93.4093729984572,0.5,5.0,0.096245382521928,2,4,0.0
2158.0,94.551285004004,0.75,5.0,1.83237412335767,2,4,0.0
2159.0,92.3045055731349,0.5,5.0,1.79535845471014,2,4,0.0
2160.0,95.7782569088634,0.25,5.0,0.0276914790522224,2,4,0.0
2161.0,91.7053066979012,0.5,5.0,0.0851778755155233,2,4,0.0
2162.0,89.5310086202922,0.75,5.0,0.379839827731186,2,4,0.0
2163.0,84.3776285697059,1.0,5.0,3.75507169471477,2,4,0.0
2164.0,79.2236374209826,0.75,5.0,7.55256526409053,2,4,35.0
2165.0,85.6868566893501,0.5,5.0,4.10189264649067,2,4,36.0
2166.0,91.4732763049149,0.25,5.0,0.134150474115207,2,4,0.0
2167.0,96.8021014914426,0.5,5.0,0.094037776022465,2,4,0.0
2168.0,95.2792640291031,0.75,5.0,1.91468839312644,2,4,0.0
2169.0,94.4188621586381,0.5,5.0,1.56583613342154,2,4,0.0
2170.0,84.568393244148,0.25,5.0,0.0288561926750718,2,4,0.0
2171.0,91.7866375901491,0.5,5.0,0.0958193661977204,2,4,0.0
2172.0,90.7835852752456,0.75,5.0,1.42151703198957,2,4,0.0
2173.0,90.9067739947313,0.5,5.0,0.977978050351006,2,4,0.0
2174.0,93.6157358436182,0.25,5.0,0.0284412259846071,2,4,0.0
2175.0,86.8140779320971,0.5,5.0,0.0755910150707373,2,4,0.0
2176.0,79.1864327798367,0.75,5.0,0.160455794997271,2,4,0.0
2177.0,72.9748913356137,1.0,5.0,2.85423829071366,2,4,0.0
2178.0,78.7702579127419,0.75,5.0,6.86315264150598,2,4,14.0
2179.0,89.9590236774162,0.5,5.0,4.36661131561444,2,4,51.0
2180.0,79.9000762108658,0.25,5.0,0.0235359911596962,2,4,0.0
2181.0,74.3194996364989,0.5,5.0,0.0650393464745589,2,4,0.0
2182.0,73.2548525548576,0.75,5.0,0.649247169197286,2,4,0.0
2183.0,80.8044459531617,1.0,5.0,2.97203717379383,2,4,0.0
2184.0,72.231374699921,0.75,5.0,3.47255967284927,2,4,0.0
2185.0,79.1947849976326,0.5,5.0,0.392825281660941,2,4,0.0
2186.0,71.0574850867173,0.75,5.0,0.241424766255233,2,4,0.0
2187.0,76.6346434458846,1.0,5.0,1.57563853156346,2,4,0.0
2188.0,68.4712765643211,0.75,5.0,0.670010948304204,2,4,0.0
2189.0,68.9616216659872,1.0,5.0,1.50358256788986,2,4,0.0
2190.0,70.9107192819955,0.75,5.0,2.28311124678611,2,4,0.0
2191.0,83.4098463866823,0.5,5.0,0.471845499840999,2,4,0.0
2192.0,80.6760230223743,0.75,5.0,0.173161495106359,2,4,0.0
2193.0,70.4220590175647,1.0,5.0,1.5541941281979,2,4,0.0
2194.0,69.9788346625468,0.75,5.0,1.16530521743975,2,4,0.0
2195.0,67.8882882508549,0.5,5.0,0.0579754230365207,2,4,0.0
2196.0,67.3030127473245,0.75,5.0,0.151053610682217,2,4,0.0
2197.0,71.3070657614274,1.0,5.0,2.41283345023282,2,4,0.0
2198.0,76.2368937314462,0.75,5.0,5.15758885236202,2,4,0.0
2199.0,77.3288828155287,0.5,5.0,0.957147422741397,2,4,0.0
2200.0,77.5383087555521,0.25,5.0,0.0259672240861028,2,4,0.0
2201.0,74.5130057791172,0.5,5.0,0.0746638513458245,2,4,0.0
2202.0,76.7611822734446,0.75,5.0,0.263410432916423,2,4,0.0
2203.0,76.9520562627336,1.0,5.0,2.26691814813012,2,4,0.0
2204.0,70.882423754061,0.75,5.0,1.52382966298481,2,4,0.0
2205.0,66.4176312984524,0.5,5.0,0.0610239095215859,2,4,0.0
2206.0,64.2515548858312,0.75,5.0,0.151646305654989,2,4,0.0
2207.0,70.1436343599292,1.0,5.0,3.34749938319909,2,4,0.0
2208.0,78.744275426352,0.75,5.0,5.73033017538492,2,4,26.0
2209.0,75.2644481803341,0.5,5.0,0.724424709492245,2,4,0.0
2210.0,72.644672989161,0.75,5.0,0.14020966160275,2,4,0.0
2211.0,67.8642184385726,1.0,5.0,1.9302221580457,2,4,0.0
2212.0,68.8510657865367,0.75,5.0,0.959523615002781,2,4,0.0
2213.0,73.6378215472554,0.5,5.0,0.0653752720999324,2,4,0.0
2214.0,63.4421024608824,0.75,5.0,0.140914056508285,2,4,0.0
2215.0,60.366204382724,1.0,5.0,1.9695867091869,2,4,0.0
2216.0,66.2819643823667,0.75,5.0,0.789087967943409,2,4,0.0
2217.0,69.8998817757646,0.5,5.0,0.0646127696416231,2,4,0.0
2218.0,69.876949583452,0.75,5.0,0.142499083275748,2,4,0.0
2219.0,66.607645226102,1.0,5.0,0.521250691040935,2,4,0.0
2220.0,63.0465627985009,1.0,4.0,3.51241032040805,2,4,0.0
2221.0,63.0858023531096,1.0,5.0,6.95196251383956,2,4,21.0
2222.0,62.2724322979589,0.75,5.0,4.00836821491794,2,4,11.0
2223.0,74.5486492505046,0.5,5.0,0.269589169803507,2,4,0.0
2224.0,68.2544641494108,0.75,5.0,0.107763682804237,2,4,0.0
2225.0,64.440389387875,1.0,5.0,0.377478346464905,2,4,0.0
2226.0,61.5242442679933,1.0,4.0,5.47689793315626,2,4,0.0
2227.0,73.0213994451211,1.0,5.0,11.3171621326801,2,4,85.0
2228.0,68.18025688981,0.75,5.0,9.15951526491421,2,4,98.0
2229.0,62.4074998122346,0.5,5.0,1.41354403621681,2,4,0.0
2230.0,65.5784307596235,0.25,5.0,0.0273465532465429,2,4,0.0
2231.0,79.1280033512185,0.5,5.0,0.0534603164340437,2,4,0.0
2232.0,67.1373923348106,0.75,5.0,0.151937005178114,2,4,0.0
2233.0,68.4288230320476,1.0,5.0,2.75680487901132,2,4,0.0
2234.0,77.6288529217337,0.75,5.0,5.31577969677382,2,4,11.0
2235.0,72.9351691626409,0.5,5.0,0.443235573518069,2,4,0.0
2236.0,60.510075224011,0.75,5.0,0.111894376987382,2,4,0.0
2237.0,61.108624024587,1.0,5.0,1.33367234021951,2,4,0.0
2238.0,66.0060325802,0.75,5.0,0.714264887466052,2,4,0.0
2239.0,72.535128164223,1.0,5.0,3.62402682892811,2,4,0.0
2240.0,75.875818856268,0.75,5.0,3.4490778115344,2,4,6.0
2241.0,66.6245575999492,0.5,5.0,0.0597067105822539,2,4,0.0
2242.0,62.3370936639369,0.75,5.0,0.101583048297544,2,4,0.0
2243.0,60.3405773435005,1.0,5.0,0.434498171818391,2,4,0.0
2244.0,63.5319390538661,1.0,4.0,6.91970551266013,2,4,0.0
2245.0,76.6600911847047,1.0,5.0,12.8671906270154,2,4,143.0
2246.0,74.6928197112652,0.75,5.0,12.9829436644104,2,4,160.0
2247.0,79.1800226236637,0.5,5.0,5.53208616719498,2,4,113.0
2248.0,70.9782819492515,0.25,5.0,0.028634332691503,2,4,0.0
2249.0,72.9760906160897,0.5,5.0,0.0628554986248929,2,4,0.0
2250.0,69.6966024189162,0.75,5.0,0.184589008662808,2,4,0.0
2251.0,70.5398227280394,1.0,5.0,2.36255629137666,2,4,0.0
2252.0,69.7730004494728,0.75,5.0,0.993023880146115,2,4,0.0
2253.0,66.1769926824147,0.5,5.0,0.0675712272802698,2,4,0.0
2254.0,73.6057674290191,0.75,5.0,0.268679476634378,2,4,0.0
2255.0,75.9372725325078,1.0,5.0,1.6159679233315,2,4,0.0
2256.0,73.8092101743395,0.75,5.0,3.29942741639927,2,4,0.0
2257.0,81.3939276565403,0.5,5.0,0.631562231532965,2,4,0.0
2258.0,80.1224393022054,0.75,5.0,0.250893131572965,2,4,0.0
2259.0,76.2926076582072,1.0,5.0,1.09151001106287,2,4,0.0
2260.0,65.55270448927,0.75,5.0,0.42692998291414,2,4,0.0
2261.0,67.5273192301777,1.0,5.0,1.37212583874973,2,4,0.0
2262.0,72.5669105768597,0.75,5.0,2.94533821231676,2,4,0.0
2263.0,68.2693409200161,0.5,5.0,0.0669175555282301,2,4,0.0
2264.0,65.4514361253395,0.75,5.0,0.198397004334754,2,4,0.0
2265.0,74.4410817881837,1.0,5.0,3.71705156968508,2,4,0.0
2266.0,82.684818319756,0.75,5.0,7.21402678381735,2,4,47.0
2267.0,79.2731477295786,0.5,5.0,2.75239635957486,2,4,47.0
2268.0,70.5289719680215,0.25,5.0,0.0270024144704724,2,4,0.0
2269.0,72.7759793708197,0.5,5.0,0.0764048371177004,2,4,0.0
2270.0,77.229055898742,0.75,5.0,0.398542729086036,2,4,0.0
2271.0,79.9953240429285,1.0,5.0,2.39780631653887,2,4,0.0
2272.0,72.8052180026908,0.75,5.0,4.15884761241928,2,4,0.0
2273.0,80.2010737413961,0.5,5.0,0.78821865549855,2,4,0.0
2274.0,77.4821285881899,0.25,5.0,0.026957754792723,2,4,0.0
2275.0,72.4512777437434,0.5,5.0,0.0673788720731333,2,4,0.0
2276.0,72.9996067968039,0.75,5.0,0.136939191637238,2,4,0.0
2277.0,70.0778748461432,1.0,5.0,3.37105056151388,2,4,0.0
2278.0,77.1500324085339,0.75,5.0,3.9481729138261,2,4,0.0
2279.0,63.7202447071051,0.5,5.0,0.0537905490383298,2,4,0.0
2280.0,62.8953133582726,0.75,5.0,0.0995542007536784,2,4,0.0
2281.0,61.2464575701488,1.0,5.0,0.257310396524565,2,4,0.0
2282.0,60.4134695826001,1.0,4.0,3.21634482900167,2,4,0.0
2283.0,61.4627989653055,1.0,5.0,7.53134183403607,2,4,19.0
2284.0,72.5702270336397,0.75,5.0,7.82094781779644,2,4,50.0
2285.0,78.3894055184022,0.5,5.0,2.44696446232412,2,4,3.0
2286.0,77.0683304799689,0.25,5.0,0.0321360375327868,2,4,0.0
2287.0,72.5490866723824,0.5,5.0,0.0670222672726714,2,4,0.0
2288.0,74.9745192166422,0.75,5.0,0.224430539284415,2,4,0.0
2289.0,74.1454803481325,1.0,5.0,4.13076530235191,2,4,0.0
2290.0,78.7498088810821,0.75,5.0,6.8253844418888,2,4,29.0
2291.0,75.8259550622149,0.5,5.0,1.81753216875325,2,4,0.0
2292.0,69.1744755774909,0.25,5.0,0.0284835168274992,2,4,0.0
2293.0,62.0663425415352,0.5,5.0,0.0505246863316722,2,4,0.0
2294.0,63.9338982235365,0.75,5.0,0.117912748566844,2,4,0.0
2295.0,63.4621179172198,1.0,5.0,0.461223353260421,2,4,0.0
2296.0,62.4230667807004,1.0,4.0,5.43813885546851,2,4,0.0
2297.0,66.8642765912735,1.0,5.0,10.3957949991142,2,4,64.0
2298.0,65.0276207850883,0.75,5.0,7.5159513143512,2,4,60.0
2299.0,62.330696110432,0.5,5.0,0.681510698874379,2,4,0.0
2300.0,70.7127232399291,0.75,5.0,0.132638439347767,2,4,0.0
2301.0,63.134336796908,1.0,5.0,2.08913181802191,2,4,0.0
2302.0,71.8350196017532,0.75,5.0,1.85327106317111,2,4,0.0
2303.0,65.2660030368688,0.5,5.0,0.0782489256159666,2,4,0.0
2304.0,74.864470316785,0.75,5.0,0.527121324239641,2,4,0.0
2305.0,83.3044362420658,1.0,5.0,4.12944249030823,2,4,0.0
2306.0,80.6991179831326,0.75,5.0,7.33940763558661,2,4,21.0
2307.0,83.7107737255708,0.5,5.0,2.78628113213161,2,4,0.0
2308.0,69.5681108501693,0.25,5.0,0.0282635876576908,2,4,0.0
2309.0,73.3047757883305,0.5,5.0,0.075741335969306,2,4,0.0
2310.0,84.4901695590836,0.75,5.0,0.778452615343296,2,4,0.0
2311.0,86.2829276692595,0.5,5.0,0.130581459163108,2,4,0.0
2312.0,78.3192835397898,0.75,5.0,0.722075344697584,2,4,0.0
2313.0,83.429538366116,1.0,5.0,6.31582869751262,2,4,0.0
2314.0,90.6768931543772,0.75,5.0,11.2546797634819,2,4,95.0
2315.0,85.6878268467217,0.5,5.0,5.63652159078189,2,4,96.0
2316.0,84.4166187764416,0.25,5.0,0.0314785885409472,2,4,0.0
2317.0,94.6004231399895,0.5,5.0,0.0967443014664661,2,4,0.0
2318.0,95.7804416721323,0.75,5.0,2.37187044795897,2,4,0.0
2319.0,100.458108407128,0.5,5.0,2.21802586171254,2,4,0.0
2320.0,91.3678632633413,0.25,5.0,0.0326898985441755,2,4,0.0
2321.0,100.888373022359,0.5,5.0,0.0926891078182714,2,4,0.0
2322.0,92.4644497344244,0.75,5.0,1.09927268017514,2,4,0.0
2323.0,91.4566629964974,0.5,5.0,0.560526337645528,2,4,0.0
2324.0,88.3213051094357,0.75,5.0,0.809309342121535,2,4,0.0
2325.0,90.0745629264877,0.5,5.0,0.567021688043169,2,4,0.0
2326.0,95.5933708592382,0.75,5.0,1.85552638887328,2,4,0.0
2327.0,91.3650429851017,0.5,5.0,0.807812484556584,2,4,0.0
2328.0,90.5939488449203,0.25,5.0,0.0303766996166852,2,4,0.0
2329.0,92.7489576002678,0.5,5.0,0.118461865250001,2,4,0.0
2330.0,99.309943959137,0.75,5.0,2.76560994705985,2,4,0.0
2331.0,100.414069352963,0.5,5.0,3.76108754057144,2,4,9.0
2332.0,104.300147479077,0.25,5.0,0.274638288144661,2,4,0.0
2333.0,106.866696411166,0.5,5.0,0.127416813279673,2,4,0.0
2334.0,101.564996561789,0.75,5.0,1.83549645907755,2,4,0.0
2335.0,94.4916301403452,0.5,5.0,2.04497847380296,2,4,0.0
2336.0,101.459145591531,0.25,5.0,0.0919926805122313,2,4,0.0
2337.0,102.106998028225,0.5,5.0,0.171644788741779,2,4,0.0
2338.0,108.09972823253,0.75,5.0,2.80387448209604,2,4,0.0
2339.0,105.859944411897,0.5,5.0,3.75003229295637,2,4,10.0
2340.0,111.09421873076,0.25,5.0,0.717456131530131,2,4,0.0
2341.0,107.262130642152,0.5,5.0,0.23296451158287,2,4,0.0
2342.0,109.760369687935,0.75,5.0,2.90780677640658,2,4,0.0
2343.0,103.456270529904,0.5,5.0,4.91030452996816,2,4,23.0
2344.0,110.479514022397,0.25,5.0,1.05733713356097,2,4,60.0
2345.0,106.019853806727,0.0,5.0,0.0025752251316932,2,4,0.0
2346.0,117.1539409424,0.25,5.0,0.028895357534968,2,4,0.0
2347.0,111.583620641404,0.5,5.0,0.140822856534217,2,4,0.0
2348.0,104.914372463774,0.75,5.0,3.25595318113758,2,4,0.0
2349.0,109.803387608023,0.5,5.0,5.72749074454026,2,4,85.0
2350.0,119.829333817541,0.25,5.0,1.49501350123569,2,4,51.0
2351.0,125.155178669454,0.0,5.0,0.0029734637215876,2,4,0.0
2352.0,116.342548430661,0.25,5.0,0.0321304310308242,2,4,0.0
2353.0,114.886843331959,0.5,5.0,0.300810846505055,2,4,0.0
2354.0,117.856295937144,0.75,5.0,4.33215306170738,2,4,0.0
2355.0,119.086963116182,0.5,5.0,9.76865692973749,2,4,142.0
2356.0,130.97236672388,0.25,5.0,4.03748479512167,2,4,195.0
2357.0,136.062901935422,0.0,5.0,0.0027704119200891,2,4,0.0
2358.0,131.866099651471,0.25,5.0,0.0422017343026875,2,4,0.0
2359.0,137.971188799708,0.5,5.0,1.67395570289859,2,4,0.0
2360.0,135.117854444496,0.25,5.0,0.728663144592366,2,4,0.0
2361.0,131.265140440466,0.5,5.0,0.776197135535312,2,4,0.0
2362.0,126.691255628219,0.25,5.0,0.261094078038129,2,4,0.0
2363.0,137.909945181523,0.5,5.0,1.13646038076217,2,4,0.0
2364.0,136.830248769501,0.25,5.0,0.589456729325192,2,4,3.0
2365.0,132.186932359894,0.5,5.0,0.459852186290665,2,4,0.0
2366.0,132.396906110526,0.75,5.0,6.60695976663656,2,4,0.0
2367.0,136.724311499546,0.5,5.0,12.8890860323065,2,4,258.0
2368.0,140.224236162741,0.25,5.0,5.93051341629166,2,4,279.0
2369.0,140.448330674592,0.0,5.0,0.0189056312025391,2,4,0.0
2370.0,133.412240107114,0.25,5.0,0.0423533835870248,2,4,0.0
2371.0,134.290363597264,0.5,5.0,0.859071219416994,2,4,0.0
2372.0,130.362696265253,0.25,5.0,0.280122413238055,2,4,0.0
2373.0,135.209693289835,0.5,5.0,0.949529692493897,2,4,0.0
2374.0,137.051703297652,0.25,5.0,0.609146724514678,2,4,6.0
2375.0,135.773059014369,0.5,5.0,1.36812818817017,2,4,0.0
2376.0,141.156412007491,0.25,5.0,1.02771481584704,2,4,0.0
2377.0,135.691875325169,0.0,5.0,0.0027618551706638,2,4,0.0
2378.0,125.307878044707,0.25,5.0,0.0349496297212111,2,4,0.0
2379.0,123.425542956887,0.5,5.0,0.614259945890284,2,4,0.0
2380.0,131.154971273398,0.75,5.0,6.82063861648988,2,4,0.0
2381.0,130.711894937895,0.5,5.0,12.126090560194,2,4,253.0
2382.0,135.071014185294,0.25,5.0,6.00494321677282,2,4,280.0
2383.0,142.992897046032,0.0,5.0,0.0506879080494616,2,4,0.0
2384.0,144.11080927338,0.25,5.0,0.0410419703860488,2,4,0.0
2385.0,134.75776082021,0.5,5.0,0.586613083345287,2,4,0.0
2386.0,128.960920586642,0.75,5.0,5.76176103950515,2,4,0.0
2387.0,130.596075894002,0.5,5.0,12.2718117078768,2,4,182.0
2388.0,140.851825089903,0.25,5.0,5.6212753298881,2,4,279.0
2389.0,132.350317957229,0.0,5.0,0.0027115665131805,2,4,0.0
2390.0,136.097613017173,0.25,5.0,0.0350056118077609,2,4,0.0
2391.0,136.051945854946,0.5,5.0,1.31641825521427,2,4,0.0
2392.0,147.169140075443,0.25,5.0,1.3807837556178,2,4,0.0
2393.0,141.544341369162,0.0,5.0,0.0027073668044161,2,4,0.0
2394.0,140.408597189866,0.25,5.0,0.0432460789005296,2,4,0.0
2395.0,138.174253817564,0.5,5.0,0.704721232216333,2,4,0.0
2396.0,130.952926825003,0.75,5.0,5.77930256872637,2,4,0.0
2397.0,131.219050478658,0.5,5.0,11.8927821158893,2,4,197.0
2398.0,136.059680132355,0.25,5.0,6.14108186661117,2,4,245.0
2399.0,147.956225137641,0.0,5.0,0.148028017756664,2,4,0.0
2400.0,137.732597186498,0.25,5.0,0.0486514869998337,1,5,0.0
2401.0,143.89215425792,0.5,5.0,1.63750776940881,1,5,0.0
2402.0,144.037682792489,0.25,5.0,1.07790378989592,1,5,59.0
2403.0,134.254005534195,0.0,5.0,0.0027895657136455,1,5,0.0
2404.0,133.28612684762,0.25,5.0,0.0388570663341451,1,5,0.0
2405.0,133.765365975631,0.5,5.0,0.918089653924368,1,5,0.0
2406.0,141.425494199674,0.25,5.0,0.95158565065305,1,5,0.0
2407.0,143.598465902541,0.0,5.0,0.0030780564471286,1,5,0.0
2408.0,138.367275127941,0.25,5.0,0.0416153040695117,1,5,0.0
2409.0,135.300842936925,0.5,5.0,0.896479095519158,1,5,0.0
2410.0,135.666962898244,0.25,5.0,0.336079688402961,1,5,0.0
2411.0,132.160499678472,0.5,5.0,1.02248330863527,1,5,0.0
2412.0,137.688792257522,0.25,5.0,0.70903251088755,1,5,0.0
2413.0,143.514158790533,0.5,5.0,1.41366643828413,1,5,0.0
2414.0,146.513267888736,0.25,5.0,1.1115494178304,1,5,0.0
2415.0,141.911306718579,0.0,5.0,0.0033984764111798,1,5,0.0
2416.0,146.955465146997,0.25,5.0,0.040090829783018,1,5,0.0
2417.0,137.432310855567,0.5,5.0,0.828008856618664,1,5,0.0
2418.0,131.678099299588,0.25,5.0,0.35159072995851,1,5,0.0
2419.0,136.832552289817,0.5,5.0,0.920350109639705,1,5,0.0
2420.0,138.817333926809,0.25,5.0,0.519583639799785,1,5,0.0
2421.0,144.975723936923,0.5,5.0,1.06391186498608,1,5,0.0
2422.0,137.999734163516,0.25,5.0,0.480271469172482,1,5,0.0
2423.0,143.253405836951,0.5,5.0,0.4273168731962,1,5,0.0
2424.0,128.033333333449,0.75,5.0,5.22869383150691,1,5,0.0
2425.0,131.033333333373,0.5,5.0,10.388391888681,1,5,175.0
2426.0,123.699999999992,0.25,5.0,3.51787234301336,1,5,135.0
2427.0,131.966666666697,0.0,5.0,0.0027974234562654,1,5,0.0
2428.0,129.633333333195,0.25,5.0,0.0396970169595666,1,5,0.0
2429.0,136.200000000095,0.5,5.0,0.679593514621843,1,5,0.0
2430.0,133.866666666653,0.75,5.0,6.02465687293334,1,5,0.0
2431.0,131.099999999952,0.5,5.0,10.7421120192377,1,5,145.0
2432.0,128.651685424131,0.25,5.0,3.78389262955894,1,5,117.0
2433.0,127.943595735543,0.0,5.0,0.0026195145342741,1,5,0.0
2434.0,134.407299304869,0.25,5.0,0.0422241713790918,1,5,0.0
2435.0,141.784117131251,0.5,5.0,1.07240429853851,1,5,0.0
2436.0,139.081314899462,0.25,5.0,0.568861177427466,1,5,0.0
2437.0,131.609606979717,0.5,5.0,0.609210122454305,1,5,0.0
2438.0,129.059145983345,0.75,5.0,6.23061877008933,1,5,0.0
2439.0,131.695023083369,0.5,5.0,11.8140606489312,1,5,206.0
2440.0,121.198034270288,0.25,5.0,4.06793606578682,1,5,124.0
2441.0,114.89468008846,0.0,5.0,0.002490323325222,1,5,0.0
2442.0,116.311653554058,0.25,5.0,0.030591962036521,1,5,0.0
2443.0,119.93545571913,0.5,5.0,0.742400743638093,1,5,0.0
2444.0,128.23333333338,0.75,5.0,4.62688828427678,1,5,0.0
2445.0,120.033333333369,0.5,5.0,7.17694864887082,1,5,112.0
2446.0,116.999999999953,0.25,5.0,1.74519129869643,1,5,48.0
2447.0,116.116647401997,0.0,5.0,0.0028694652859822,1,5,0.0
2448.0,114.11754641546,0.25,5.0,0.0371742259227392,1,5,0.0
2449.0,126.000000000029,0.5,5.0,0.225322748015792,1,5,0.0
2450.0,121.000000000133,0.75,5.0,4.91561330225994,1,5,0.0
2451.0,126.666666666747,0.5,5.0,8.67649478184912,1,5,146.0
2452.0,121.466666666606,0.25,5.0,2.57010233757004,1,5,48.0
2453.0,123.366666666782,0.0,5.0,0.0024932307444736,1,5,0.0
2454.0,126.899999999898,0.25,5.0,0.0341987359788773,1,5,0.0
2455.0,124.200000000008,0.5,5.0,0.47376108516397,1,5,0.0
2456.0,122.899999999955,0.75,5.0,4.43471771056546,1,5,0.0
2457.0,114.266666666667,0.5,5.0,6.01618944675111,1,5,101.0
2458.0,112.199999999959,0.25,5.0,1.31898504195528,1,5,43.0
2459.0,108.999999999946,0.0,5.0,0.0025356610890828,1,5,0.0
2460.0,118.59999999996,0.25,5.0,0.0302039544498568,1,5,0.0
2461.0,113.166666666678,0.5,5.0,0.106358281624469,1,5,0.0
2462.0,104.20000000001,0.75,5.0,2.06103525383857,1,5,0.0
2463.0,103.200000000041,0.5,5.0,2.60339826733881,1,5,0.0
2464.0,114.733333333295,0.25,5.0,0.264274889843222,1,5,0.0
2465.0,114.199999999966,0.5,5.0,0.182148428163638,1,5,0.0
2466.0,116.193219961148,0.75,5.0,3.77232693383512,1,5,0.0
2467.0,116.881907982876,0.5,5.0,5.17079918798862,1,5,49.0
2468.0,103.592556135207,0.25,5.0,0.476977370543827,1,5,0.0
2469.0,97.8297143544931,0.5,5.0,0.0863765409536644,1,5,0.0
2470.0,94.2186688142415,0.75,5.0,1.15856450288868,1,5,0.0
2471.0,94.5317729562733,0.5,5.0,0.765267182952327,1,5,0.0
2472.0,92.5704075027779,0.25,5.0,0.0283550490640812,1,5,0.0
2473.0,91.7456308167464,0.5,5.0,0.0921573332444,1,5,0.0
2474.0,97.5399494688605,0.75,5.0,1.91381627129245,1,5,0.0
2475.0,104.980674650379,0.5,5.0,1.66558326569838,1,5,0.0
2476.0,103.228981734287,0.25,5.0,0.0282713342124082,1,5,0.0
2477.0,103.25740014478,0.5,5.0,0.129199596442361,1,5,0.0
2478.0,98.9227607677917,0.75,5.0,1.44905184444322,1,5,0.0
2479.0,95.2369093331155,0.5,5.0,0.644408752439568,1,5,0.0
2480.0,102.240860498125,0.75,5.0,2.08720034536834,1,5,0.0
2481.0,102.028354756463,0.5,5.0,1.62905935875008,1,5,0.0
2482.0,106.138272727141,0.25,5.0,0.0302890123366894,1,5,0.0
2483.0,104.46180383028,0.5,5.0,0.0740164885495044,1,5,0.0
2484.0,90.9577098206552,0.75,5.0,1.12542432758576,1,5,0.0
2485.0,96.3587505577982,0.5,5.0,0.584176961069565,1,5,0.0
2486.0,94.8059595785654,0.75,5.0,0.62722509951805,1,5,0.0
2487.0,90.6531671886508,1.0,5.0,4.96076133311936,1,5,0.0
2488.0,83.0666499754118,0.75,5.0,4.49949917873114,1,5,64.0
2489.0,70.2499303011874,0.5,5.0,0.0586110318018202,1,5,0.0
2490.0,73.1160592253062,0.75,5.0,0.210746513938138,1,5,0.0
2491.0,75.8485376905541,1.0,5.0,1.43316812340298,1,5,0.0
2492.0,74.0184958205095,0.75,5.0,0.695567724805486,1,5,0.0
2493.0,78.5333333333595,1.0,5.0,2.63689064097803,1,5,0.0
2494.0,76.5666666666335,0.75,5.0,0.974399047102229,1,5,0.0
2495.0,70.1333333333263,0.5,5.0,0.0527787686199656,1,5,0.0
2496.0,73.633333333326,0.75,5.0,0.108253632765174,1,5,0.0
2497.0,67.6921734575501,1.0,5.0,1.91159754708448,1,5,0.0
2498.0,73.4673166647028,0.75,5.0,0.87548367112489,1,5,0.0
2499.0,67.8474959992443,0.5,5.0,0.0543872647153752,1,5,0.0
2500.0,74.8439095990054,0.75,5.0,0.175024991716142,1,5,0.0
2501.0,75.0027648781461,1.0,5.0,2.3342554746097,1,5,0.0
2502.0,77.1468410143192,0.75,5.0,1.26903410818994,1,5,0.0
2503.0,73.5000000000024,0.5,5.0,0.0547753550985394,1,5,0.0
2504.0,74.0000000000074,0.75,5.0,0.0894307373241845,1,5,0.0
2505.0,65.4666666666885,1.0,5.0,0.25048770768106,1,5,0.0
2506.0,64.371792642012,1.0,4.0,2.38216027372614,1,5,0.0
2507.0,63.0290096116311,1.0,5.0,5.54076331398984,1,5,0.0
2508.0,78.8333333333622,0.75,5.0,4.77652101826836,1,5,12.0
2509.0,72.0333333333405,0.5,5.0,0.0755595633218036,1,5,0.0
2510.0,63.433333333346,0.75,5.0,0.115376940272497,1,5,0.0
2511.0,68.5000000000137,1.0,5.0,0.201175232617712,1,5,0.0
2512.0,63.8666666666496,1.0,4.0,3.92541339848242,1,5,0.0
2513.0,73.4333333333089,1.0,5.0,9.0549319744942,1,5,62.0
2514.0,78.5000000000105,0.75,5.0,7.2206741349179,1,5,104.0
2515.0,70.633333333338,0.5,5.0,0.746019647405883,1,5,0.0
2516.0,64.6000000000345,0.75,5.0,0.104541191771605,1,5,0.0
2517.0,67.1333333333311,1.0,5.0,0.857040852564008,1,5,0.0
2518.0,75.5333333333056,0.75,5.0,0.903232825547958,1,5,0.0
2519.0,68.600000000016,0.5,5.0,0.049706720605761,1,5,0.0
2520.0,67.5333333333311,0.75,5.0,0.185387463305474,1,5,0.0
2521.0,79.93333333328,1.0,5.0,1.77608410128775,1,5,0.0
2522.0,77.2666666666641,0.75,5.0,1.89643714468402,1,5,0.0
2523.0,74.8452213487686,0.5,5.0,0.0494389155504436,1,5,0.0
2524.0,68.7943370545639,0.75,5.0,0.134875028998147,1,5,0.0
2525.0,76.7607931125063,1.0,5.0,2.11198954531697,1,5,0.0
2526.0,78.7666666666535,0.75,5.0,1.51280476325753,1,5,0.0
2527.0,77.0765328916205,0.5,5.0,0.0505576230396717,1,5,0.0
2528.0,68.6689333575764,0.75,5.0,0.0899615477543944,1,5,0.0
2529.0,67.511394031519,1.0,5.0,0.249052505445726,1,5,0.0
2530.0,65.6324934374279,1.0,4.0,2.6496114137857,1,5,0.0
2531.0,70.826729905687,1.0,5.0,7.55680713530676,1,5,38.0
2532.0,79.1360788716197,0.75,5.0,5.913927030793,1,5,92.0
2533.0,74.2971857631441,0.5,5.0,0.451918953924863,1,5,0.0
2534.0,63.3382431715279,0.75,5.0,0.0914675790249965,1,5,0.0
2535.0,67.5940032440436,1.0,5.0,1.84348185615427,1,5,0.0
2536.0,78.44538124445,0.75,5.0,1.27528642065006,1,5,0.0
2537.0,70.2606078549868,0.5,5.0,0.0501228299827733,1,5,0.0
2538.0,65.7027683850174,0.75,5.0,0.0944438282358405,1,5,0.0
2539.0,66.9311180834057,1.0,5.0,0.223261937394884,1,5,0.0
2540.0,64.2930632911502,1.0,4.0,0.614452009896875,1,5,0.0
2541.0,58.0938574016465,1.0,3.0,6.80921197044166,1,5,0.0
2542.0,68.1559428171336,1.0,4.0,12.5730471788867,1,5,206.0
2543.0,74.4858184111373,1.0,5.0,12.3693909310579,1,5,173.0
2544.0,75.8616384326357,0.75,5.0,9.71670921638801,1,5,152.0
2545.0,82.1791809575427,0.5,5.0,3.19302466806571,1,5,125.0
2546.0,75.8819421255344,0.25,5.0,0.0218412270202371,1,5,0.0
2547.0,73.4214672451194,0.5,5.0,0.0483576200077612,1,5,0.0
2548.0,73.4291197675857,0.75,5.0,0.0729248235476809,1,5,0.0
2549.0,61.0184884497673,1.0,5.0,0.417524668492063,1,5,0.0
2550.0,69.4025863914782,1.0,4.0,5.51833999102121,1,5,0.0
2551.0,79.6041394387579,1.0,5.0,10.8806089105582,1,5,77.0
2552.0,78.6729577673494,0.75,5.0,8.51972852393109,1,5,88.0
2553.0,78.5471862480013,0.5,5.0,1.34931712293904,1,5,0.0
2554.0,76.3231452392135,0.25,5.0,0.0227220382164802,1,5,0.0
2555.0,66.218578479807,0.5,5.0,0.0424042852574383,1,5,0.0
2556.0,62.4306447050987,0.75,5.0,0.0768241237789569,1,5,0.0
2557.0,60.5728308042003,1.0,5.0,0.212775682473316,1,5,0.0
2558.0,65.4138205467416,1.0,4.0,2.57624056298357,1,5,0.0
2559.0,68.4011883752235,1.0,5.0,4.12446748224511,1,5,0.0
2560.0,65.9395726364123,0.75,5.0,0.231125283151639,1,5,0.0
2561.0,60.745318043069,1.0,5.0,0.167455532053301,1,5,0.0
2562.0,63.82977143223,1.0,4.0,2.16014258433408,1,5,0.0
2563.0,65.5649877451136,1.0,5.0,1.1775248822548,1,5,0.0
2564.0,64.6218388782109,0.75,5.0,0.0906493899499651,1,5,0.0
2565.0,68.6918823967406,1.0,5.0,0.200388840982174,1,5,0.0
2566.0,66.3254084804824,1.0,4.0,1.11411483684102,1,5,0.0
2567.0,63.3561480234955,1.0,5.0,3.01567659323832,1,5,0.0
2568.0,77.438994307465,0.75,5.0,1.19593671751279,1,5,0.0
2569.0,81.178769456414,0.5,5.0,0.0522212475488935,1,5,0.0
2570.0,71.5260218755801,0.75,5.0,0.174549659397613,1,5,0.0
2571.0,81.8469187671796,1.0,5.0,0.337369070910416,1,5,0.0
2572.0,67.9225429047425,1.0,4.0,2.33691313284896,1,5,0.0
2573.0,68.0157711684162,1.0,5.0,2.31536434823789,1,5,0.0
2574.0,64.271216313897,0.75,5.0,0.0887952016886774,1,5,0.0
2575.0,64.0451183118675,1.0,5.0,0.140522978302245,1,5,0.0
2576.0,62.269406582296,1.0,4.0,0.380662364653784,1,5,0.0
2577.0,60.4608808378083,1.0,3.0,5.71718712361757,1,5,0.0
2578.0,64.2988282450331,1.0,4.0,10.9863037918876,1,5,109.0
2579.0,64.6200440070695,1.0,5.0,9.7519674031275,1,5,151.0
2580.0,69.5097116189553,0.75,5.0,6.1439281543443,1,5,98.0
2581.0,79.3192373622465,0.5,5.0,1.09408095766374,1,5,0.0
2582.0,76.5902802204588,0.25,5.0,0.0221593018057572,1,5,0.0
2583.0,74.8922082085986,0.5,5.0,0.0478851597119287,1,5,0.0
2584.0,70.3030028729758,0.75,5.0,0.0835396490621235,1,5,0.0
2585.0,66.3702464733123,1.0,5.0,0.128868371410336,1,5,0.0
2586.0,62.5778620072952,1.0,4.0,1.04011023387135,1,5,0.0
2587.0,64.1475877902173,1.0,5.0,1.62955219081439,1,5,0.0
2588.0,78.9456621501001,0.75,5.0,0.940788557580859,1,5,0.0
2589.0,71.7545383688533,0.5,5.0,0.042417750951033,1,5,0.0
2590.0,63.5126309481503,0.75,5.0,0.0844725574409611,1,5,0.0
2591.0,66.1635789286191,1.0,5.0,0.660394318568893,1,5,0.0
2592.0,73.7474874265727,1.0,4.0,2.36697185766741,1,5,0.0
2593.0,64.4508904505338,1.0,5.0,0.725582253062356,1,5,0.0
2594.0,61.8148589318556,1.0,4.0,1.38861030119814,1,5,0.0
2595.0,66.6304351121948,1.0,5.0,0.88030739116522,1,5,0.0
2596.0,62.02383940314,0.75,5.0,0.0704392378218298,1,5,0.0
2597.0,62.0370569291784,1.0,5.0,0.169874001014633,1,5,0.0
2598.0,67.2390339063308,1.0,4.0,4.1966017640376,1,5,0.0
2599.0,77.9063727476583,1.0,5.0,6.35680185985779,1,5,44.0
2600.0,66.5471303985707,0.75,5.0,0.910328636383499,1,5,0.0
2601.0,63.0670423751117,0.5,5.0,0.0409745006449261,1,5,0.0
2602.0,61.7703627330981,0.75,5.0,0.0771349537433676,1,5,0.0
2603.0,64.9717169302096,1.0,5.0,0.256996390543303,1,5,0.0
2604.0,70.315840293943,1.0,4.0,1.91421748308736,1,5,0.0
2605.0,67.7364961103059,1.0,5.0,2.32016565688521,1,5,0.0
2606.0,77.7550789721881,0.75,5.0,1.30950374186018,1,5,0.0
2607.0,82.8476294900636,0.5,5.0,0.0476389185243191,1,5,0.0
2608.0,74.1995302997043,0.75,5.0,0.0770556423182614,1,5,0.0
2609.0,68.2949938964661,1.0,5.0,0.35010357932579,1,5,0.0
2610.0,76.4163386048967,1.0,4.0,5.70627015551969,1,5,0.0
2611.0,84.1930951195848,1.0,5.0,10.8058590352913,1,5,110.0
2612.0,85.1627151208724,0.75,5.0,9.86713269454274,1,5,157.0
2613.0,82.7417854570468,0.5,5.0,2.51895693498271,1,5,61.0
2614.0,82.2111942450856,0.25,5.0,0.0207568815860946,1,5,0.0
2615.0,87.0471507060807,0.5,5.0,0.0482684223190017,1,5,0.0
2616.0,78.5351486056196,0.75,5.0,0.0833942896452537,1,5,0.0
2617.0,71.9790909847643,1.0,5.0,0.375259060007101,1,5,0.0
2618.0,78.3379025573448,1.0,4.0,6.03526271465612,1,5,0.0
2619.0,81.9010366808787,1.0,5.0,8.44105802967969,1,5,111.0
2620.0,69.0105745914168,0.75,5.0,2.44489812008927,1,5,48.0
2621.0,75.1465138165445,0.5,5.0,0.0471022358258742,1,5,0.0
2622.0,76.9057804614284,0.75,5.0,0.1653868280353,1,5,0.0
2623.0,90.712417796532,1.0,5.0,2.97693919946357,1,5,0.0
2624.0,91.8762004645733,0.75,5.0,3.82874808833758,1,5,0.0
2625.0,90.6231367029047,0.5,5.0,0.144048134167975,1,5,0.0
2626.0,85.4467555245568,0.75,5.0,0.108753744819814,1,5,0.0
2627.0,79.9333333333307,1.0,5.0,0.676026193600521,1,5,0.0
2628.0,80.4333333333119,1.0,4.0,6.70534892027167,1,5,0.0
2629.0,93.566666666729,1.0,5.0,12.4601359284887,1,5,196.0
2630.0,92.4666666666174,0.75,5.0,11.9121718794747,1,5,189.0
2631.0,95.7333333332823,0.5,5.0,5.05458072849432,1,5,156.0
2632.0,80.06666666668,0.25,5.0,0.0201497683232141,1,5,0.0
2633.0,81.5333333333578,0.5,5.0,0.0449239372425004,1,5,0.0
2634.0,84.818301685829,0.75,5.0,0.149351855733273,1,5,0.0
2635.0,91.1136732624173,1.0,5.0,2.01610852029102,1,5,0.0
2636.0,90.1333333333544,0.75,5.0,1.49936326358167,1,5,4.0
2637.0,83.13333333335,0.5,5.0,0.0558967474547959,1,5,0.0
2638.0,88.3333333333274,0.75,5.0,0.158328826575255,1,5,0.0
2639.0,90.7666666667302,1.0,5.0,2.75910423806932,1,5,0.0
2640.0,93.200000000028,0.75,5.0,3.52211553420827,1,5,0.0
2641.0,94.4000000000409,0.5,5.0,0.340408905317687,1,5,0.0
2642.0,93.2000000000715,0.75,5.0,0.206702582663604,1,5,0.0
2643.0,96.066666666609,1.0,5.0,4.01671514017273,1,5,0.0
2644.0,99.6333333333201,0.75,5.0,5.32829320014771,1,5,66.0
2645.0,94.3333333332421,0.5,5.0,0.631960304076982,1,5,12.0
2646.0,93.6333333333365,0.75,5.0,0.286635814484346,1,5,0.0
2647.0,100.433333333243,1.0,5.0,4.24044842272234,1,5,0.0
2648.0,102.451994800232,0.75,5.0,6.6751798997822,1,5,54.0
2649.0,92.1971017596402,0.5,5.0,1.09998540441261,1,5,0.0
2650.0,88.4041603467922,0.25,5.0,0.0217136362399926,1,5,0.0
2651.0,94.5762774023769,0.5,5.0,0.053282372241733,1,5,0.0
2652.0,91.618947656912,0.75,5.0,0.213200806524846,1,5,0.0
2653.0,93.2196590702919,1.0,5.0,4.47070232941105,1,5,0.0
2654.0,104.750972736939,0.75,5.0,6.27376502842747,1,5,69.0
2655.0,93.6665798532407,0.5,5.0,0.814895029788725,1,5,0.0
2656.0,85.1161773992334,0.25,5.0,0.0204800963021202,1,5,0.0
2657.0,89.4238161479566,0.5,5.0,0.0515138645723687,1,5,0.0
2658.0,88.8791420460866,0.75,5.0,0.201700307183551,1,5,0.0
2659.0,97.9566809681499,1.0,5.0,3.78702755431348,1,5,0.0
2660.0,100.321634533231,0.75,5.0,5.32205208001473,1,5,67.0
2661.0,102.293760028962,0.5,5.0,1.20584652801623,1,5,0.0
2662.0,105.566666666719,0.25,5.0,0.0202632228950126,1,5,0.0
2663.0,105.366666666716,0.5,5.0,0.0585901721642409,1,5,0.0
2664.0,99.0333333333267,0.75,5.0,0.180868759204138,1,5,0.0
2665.0,98.3666666667683,1.0,5.0,4.16992040659403,1,5,0.0
2666.0,103.299999999993,0.75,5.0,6.60105313172911,1,5,24.0
2667.0,106.800000000053,0.5,5.0,2.25506540698698,1,5,0.0
2668.0,109.799999999923,0.25,5.0,0.0209717967786022,1,5,0.0
2669.0,98.2333333333399,0.5,5.0,0.0537809066166945,1,5,0.0
2670.0,95.3666666667303,0.75,5.0,0.633603023149383,1,5,0.0
2671.0,110.60000000007,1.0,5.0,5.46227865414542,1,5,0.0
2672.0,108.39999999996,0.75,5.0,8.27689661425007,1,5,96.0
2673.0,106.533333333301,0.5,5.0,2.98121493918186,1,5,58.0
2674.0,108.566666666688,0.25,5.0,0.0217830838710366,1,5,0.0
2675.0,110.099999999945,0.5,5.0,0.0629365520647407,1,5,0.0
2676.0,107.699999999953,0.75,5.0,1.05479393057211,1,5,0.0
2677.0,112.60000000003,0.5,5.0,0.465811169454854,1,5,0.0
2678.0,103.63333333342,0.75,5.0,0.161253130771771,1,5,0.0
2679.0,101.500000000054,1.0,5.0,3.69145828559905,1,5,0.0
2680.0,106.733333333344,0.75,5.0,7.16016625600745,1,5,63.0
2681.0,112.033333333333,0.5,5.0,2.67548544513439,1,5,57.0
2682.0,104.133333333299,0.25,5.0,0.0206722845530307,1,5,0.0
2683.0,100.833333333293,0.5,5.0,0.0599350965182937,1,5,0.0
2684.0,109.466666666743,0.75,5.0,0.558598661798073,1,5,0.0
2685.0,112.933333333405,1.0,5.0,5.58123151192999,1,5,0.0
2686.0,110.066666666659,0.75,5.0,8.80809516546547,1,5,119.0
2687.0,108.900000000058,0.5,5.0,3.49237182399727,1,5,108.0
2688.0,110.866666666718,0.25,5.0,0.0209635092653851,1,5,0.0
2689.0,98.0333333332222,0.5,5.0,0.0487521270054175,1,5,0.0
2690.0,89.8666666666847,0.75,5.0,0.164788600450665,1,5,0.0
2691.0,99.53333333333,1.0,5.0,4.24967918508916,1,5,0.0
2692.0,110.466666666652,0.75,5.0,7.82767436395999,1,5,81.0
2693.0,113.866666666644,0.5,5.0,3.4887562278848,1,5,25.0
2694.0,113.833333333227,0.25,5.0,0.020977590156247,1,5,0.0
2695.0,111.866666666682,0.5,5.0,0.0625723908037509,1,5,0.0
2696.0,113.699999999943,0.75,5.0,0.266534228119175,1,5,0.0
2697.0,104.566666666702,1.0,5.0,2.80697103878209,1,5,0.0
2698.0,99.6999999999468,0.75,5.0,3.90119333205745,1,5,31.0
2699.0,101.733333333371,0.5,5.0,0.438315799235794,1,5,0.0
2700.0,99.1999999999372,0.75,5.0,0.267455238833273,1,5,0.0
2701.0,103.666666666701,1.0,5.0,4.93827593119408,1,5,0.0
2702.0,113.966666666598,0.75,5.0,7.50087091284179,1,5,110.0
2703.0,104.066666666601,0.5,5.0,1.9384382942436,1,5,51.0
2704.0,98.5000000000657,0.25,5.0,0.0180390806865669,1,5,0.0
2705.0,97.6999999999935,0.5,5.0,0.044197321638445,1,5,0.0
2706.0,98.4999999999639,0.75,5.0,0.171499234226534,1,5,0.0
2707.0,98.8666666666996,1.0,5.0,2.21032653204014,1,5,0.0
2708.0,96.5666666667182,0.75,5.0,1.81402482102567,1,5,0.0
2709.0,97.9333333333464,0.5,5.0,0.0897855006496202,1,5,0.0
2710.0,99.7999999999634,0.75,5.0,0.132955167404944,1,5,0.0
2711.0,98.9999999999307,1.0,5.0,2.52088999494844,1,5,0.0
2712.0,99.7333333334696,0.75,5.0,2.52203823170368,1,5,0.0
2713.0,102.133333333265,0.5,5.0,0.13268987470535,1,5,0.0
2714.0,110.633333333359,0.75,5.0,0.222449468235031,1,5,0.0
2715.0,111.5000000001,1.0,5.0,4.68719454249441,1,5,0.0
2716.0,115.466666666543,0.75,5.0,7.29692291221915,1,5,83.0
2717.0,106.999999999993,0.5,5.0,1.83774753794371,1,5,29.0
2718.0,112.23333333333,0.25,5.0,0.0195982975789979,1,5,0.0
2719.0,109.700000000029,0.5,5.0,0.0481115965160997,1,5,0.0
2720.0,100.399999999943,0.75,5.0,0.23636764423496,1,5,0.0
2721.0,109.133333333315,1.0,5.0,3.15469736573862,1,5,0.0
2722.0,100.233333333317,0.75,5.0,2.25049517033412,1,5,0.0
2723.0,96.3333333333141,0.5,5.0,0.0464073699767233,1,5,0.0
2724.0,93.6000000000125,0.75,5.0,0.136118860883839,1,5,0.0
2725.0,99.566666666753,1.0,5.0,1.38055872265294,1,5,0.0
2726.0,96.9666666666861,0.75,5.0,0.80592556748811,1,5,0.0
2727.0,90.0666666667267,0.5,5.0,0.0472046060079198,1,5,0.0
2728.0,96.8333333334108,0.75,5.0,0.205232234838119,1,5,0.0
2729.0,108.299999999921,1.0,5.0,4.03365890585473,1,5,0.0
2730.0,110.233333333359,0.75,5.0,5.26959840218188,1,5,44.0
2731.0,97.4333333332619,0.5,5.0,0.251787188973806,1,5,0.0
2732.0,96.8666666667409,0.75,5.0,0.137111400334096,1,5,0.0
2733.0,98.3000000000361,1.0,5.0,1.40155331661949,1,5,0.0
2734.0,95.899999999968,0.75,5.0,1.19631312844498,1,5,0.0
2735.0,91.2666666666089,0.5,5.0,0.043197808654894,1,5,0.0
2736.0,96.5000000000225,0.75,5.0,0.118390305458545,1,5,0.0
2737.0,96.6333333333108,1.0,5.0,1.83492803451778,1,5,0.0
2738.0,95.3999999999905,0.75,5.0,1.36353150117855,1,5,0.0
2739.0,98.3333333333661,0.5,5.0,0.0648741494919589,1,5,0.0
2740.0,107.766666666624,0.75,5.0,0.136797055947956,1,5,0.0
2741.0,100.36666666666,1.0,5.0,2.79131251784117,1,5,0.0
2742.0,106.13333333322,0.75,5.0,3.79658525586872,1,5,38.0
2743.0,106.399999999922,0.5,5.0,0.403853040240473,1,5,0.0
2744.0,98.9333333333762,0.75,5.0,0.0930793917805411,1,5,0.0
2745.0,92.5666666666173,1.0,5.0,0.267879561559419,1,5,0.0
2746.0,86.0000000000143,1.0,4.0,4.70487375763702,1,5,0.0
2747.0,92.3000000000769,1.0,5.0,9.01874493109302,1,5,86.0
2748.0,101.066666666609,0.75,5.0,8.04064354697846,1,5,144.0
2749.0,102.000000000027,0.5,5.0,1.85257864308186,1,5,59.0
2750.0,101.73333333331,0.25,5.0,0.0179612592806148,1,5,0.0
2751.0,93.6666666666948,0.5,5.0,0.0419667631411464,1,5,0.0
2752.0,100.633333333347,0.75,5.0,0.125172454692232,1,5,0.0
2753.0,103.966666666594,1.0,5.0,2.87001618394754,1,5,0.0
2754.0,102.699999999962,0.75,5.0,2.99012809483097,1,5,0.0
2755.0,102.13620306804,0.5,5.0,0.106324743462154,1,5,0.0
2756.0,104.663725915816,0.75,5.0,0.20574875713069,1,5,0.0
2757.0,107.800000000032,1.0,5.0,2.18737922844031,1,5,0.0
2758.0,104.266666666677,0.75,5.0,2.70570106366802,1,5,0.0
2759.0,100.666666666657,0.5,5.0,0.0459207553839699,1,5,0.0
2760.0,89.2000000000387,0.75,5.0,0.0717575978670705,1,5,0.0
2761.0,84.7333333333418,1.0,5.0,0.168699774976653,1,5,0.0
2762.0,82.066666666746,1.0,4.0,2.41431747134847,1,5,0.0
2763.0,89.2000000000268,1.0,5.0,6.94386536349566,1,5,24.0
2764.0,100.766666666657,0.75,5.0,5.00604591356478,1,5,89.0
2765.0,91.6666666666819,0.5,5.0,0.0536606840155996,1,5,0.0
2766.0,93.1000000000248,0.75,5.0,0.0938530874847681,1,5,0.0
2767.0,97.8999999999967,1.0,5.0,1.98401433555887,1,5,0.0
2768.0,98.4666666666371,0.75,5.0,1.03447074682909,1,5,0.0
2769.0,84.5666666666667,0.5,5.0,0.0356048311601915,1,5,0.0
2770.0,79.6666666666614,0.75,5.0,0.0595306848051566,1,5,0.0
2771.0,78.2666666666562,1.0,5.0,0.290674297679708,1,5,0.0
2772.0,88.9333333333096,1.0,4.0,4.95620547873006,1,5,0.0
2773.0,90.9,1.0,5.0,6.40524937071047,1,5,58.0
2774.0,79.4333333333704,0.75,5.0,1.29495042507806,1,5,0.0
2775.0,77.6666666667159,0.5,5.0,0.0352360237870551,1,5,0.0
2776.0,79.933333333384,0.75,5.0,0.0733622429682516,1,5,0.0
2777.0,84.9333333334183,1.0,5.0,0.113606008400443,1,5,0.0
2778.0,77.6000000000155,1.0,4.0,1.042425105822,1,5,0.0
2779.0,81.966666666623,1.0,5.0,2.95367817354865,1,5,0.0
2780.0,87.2999999999564,0.75,5.0,0.301870779692506,1,5,0.0
2781.0,84.6333333332995,1.0,5.0,0.162607458761323,1,5,0.0
2782.0,85.666666666641,1.0,4.0,3.34793780246147,1,5,0.0
2783.0,87.9999999999941,1.0,5.0,4.79588835633157,1,5,26.0
2784.0,83.8666666666387,0.75,5.0,0.45649864832554,1,5,0.0
2785.0,70.000000000028,1.0,5.0,0.093478638155683,1,5,0.0
2786.0,71.9666666666067,1.0,4.0,0.465494071283768,1,5,0.0
2787.0,73.3333333333236,1.0,3.0,4.29221923267322,1,5,0.0
2788.0,72.8000000000049,1.0,4.0,7.07844586762686,1,5,89.0
2789.0,73.3333333332893,1.0,5.0,4.87504224133307,1,5,41.0
2790.0,83.9000000000056,0.75,5.0,1.13157495057343,1,5,0.0
2791.0,83.6999999999358,0.5,5.0,0.0343258576132146,1,5,0.0
2792.0,80.9000000000297,0.75,5.0,0.061211814434033,1,5,0.0
2793.0,77.8666666666952,1.0,5.0,0.105770639826376,1,5,0.0
2794.0,80.4999999999946,1.0,4.0,1.17037196499195,1,5,0.0
2795.0,79.7333333332908,1.0,5.0,0.509235942887839,1,5,0.0
2796.0,79.1000000000105,1.0,4.0,0.533863689303259,1,5,0.0
2797.0,74.2999999999951,1.0,3.0,2.90448382824852,1,5,0.0
2798.0,69.8333333332612,1.0,4.0,4.33916927671252,1,5,32.0
2799.0,69.3000000000439,1.0,5.0,0.677825328733956,1,5,0.0
2800.0,75.3666666666868,1.0,4.0,1.10017537221723,1,5,0.0
2801.0,78.5333333332679,1.0,5.0,0.224573538949113,1,5,0.0
2802.0,69.1666666666551,1.0,4.0,0.268501936756004,1,5,0.0
2803.0,72.5000000000435,1.0,3.0,2.21621975810921,1,5,0.0
2804.0,66.1999999999956,1.0,4.0,2.13967661865598,1,5,5.0
2805.0,65.6333333333246,1.0,5.0,0.0957111302896325,1,5,0.0
2806.0,74.333333333368,1.0,4.0,0.143285803371491,1,5,0.0
2807.0,68.5000000000274,1.0,3.0,1.32327878605257,1,5,0.0
2808.0,63.233333333386,1.0,4.0,0.750175557005761,1,5,0.0
2809.0,67.8000000000068,1.0,5.0,0.0872746859186759,1,5,0.0
2810.0,75.7666666666667,1.0,4.0,0.319077536341256,1,5,0.0
2811.0,74.5333333332911,1.0,3.0,1.23005082925316,1,5,0.0
2812.0,62.4666666666646,1.0,4.0,0.549694391343746,1,5,0.0
2813.0,63.4666666666751,1.0,3.0,1.08389230310883,1,5,0.0
2814.0,62.4000000000312,1.0,4.0,1.76104543424173,1,5,0.0
2815.0,72.4,1.0,5.0,0.0857852900636001,1,5,0.0
2816.0,70.7333333333687,1.0,4.0,0.412122952734979,1,5,0.0
2817.0,78.4666666665463,1.0,3.0,3.50847554704197,1,5,0.0
2818.0,67.5333333333491,1.0,4.0,2.8941526809113,1,5,50.0
2819.0,68.8999999999747,1.0,5.0,0.260025363066638,1,5,0.0
2820.0,76.8333333334127,1.0,4.0,1.09231372143804,1,5,0.0
2821.0,80.900000000027,1.0,5.0,0.358893872590842,1,5,0.0
2822.0,69.5333333333217,1.0,4.0,0.454735998296237,1,5,0.0
2823.0,78.2666666666197,1.0,3.0,5.63803410524165,1,5,0.0
2824.0,83.8333333333222,1.0,4.0,9.84183942452204,1,5,186.0
2825.0,77.8000000000052,1.0,5.0,6.99810093697664,1,5,146.0
2826.0,74.6333333333657,0.75,5.0,0.674246194047129,1,5,0.0
2827.0,66.2333333333444,1.0,5.0,0.0899591682217757,1,5,0.0
2828.0,76.9333333333026,1.0,4.0,0.129114253315392,1,5,0.0
2829.0,68.2333333333606,1.0,3.0,0.952473915911618,1,5,0.0
2830.0,62.5999999999604,1.0,4.0,0.310244470666689,1,5,0.0
2831.0,59.0666666666667,1.0,3.0,0.372121480291301,1,5,0.0
2832.0,58.6333333333118,1.0,2.0,7.35012180533406,1,5,0.0
2833.0,64.3999999999549,1.0,3.0,11.0479373031798,1,5,310.0
2834.0,75.4333333333711,1.0,4.0,9.7665818459648,1,5,250.0
2835.0,68.8333333333104,1.0,5.0,3.83235683576077,1,5,101.0
2836.0,70.1333333333941,0.75,5.0,0.0478554184193827,1,5,0.0
2837.0,67.0000000000402,1.0,5.0,0.0650980870918003,1,5,0.0
2838.0,66.9333333333601,1.0,4.0,0.138244037651681,1,5,0.0
2839.0,67.9666666666553,1.0,3.0,4.11252850622571,1,5,0.0
2840.0,72.9333333332944,1.0,4.0,3.22869581879388,1,5,63.0
2841.0,68.3333333333106,1.0,5.0,0.0761456745510658,1,5,0.0
2842.0,73.1666666666496,1.0,4.0,0.157732818338497,1,5,0.0
2843.0,74.4333333333557,1.0,3.0,4.40072739481781,1,5,0.0
2844.0,76.2999999999873,1.0,4.0,6.277253001046,1,5,75.0
2845.0,74.9666666666742,1.0,5.0,2.48724778717235,1,5,34.0
2846.0,70.5666666666596,0.75,5.0,0.0482574213510735,1,5,0.0
2847.0,76.1333333333511,1.0,5.0,0.0746911569417177,1,5,0.0
2848.0,73.966666666605,1.0,4.0,0.354856797585173,1,5,0.0
2849.0,69.9333333333194,1.0,3.0,0.473091120461575,1,5,0.0
2850.0,61.133333333317,1.0,2.0,6.15038080881692,1,5,0.0
2851.0,61.1666666666687,1.0,3.0,9.7808365460865,1,5,255.0
2852.0,68.5000000000114,1.0,4.0,7.675856050091,1,5,238.0
2853.0,63.4333333333608,1.0,5.0,1.99065249106244,1,5,50.0
2854.0,66.1999999999603,0.75,5.0,0.0491600412047524,1,5,0.0
2855.0,75.00000000004,1.0,5.0,0.0823304870397017,1,5,0.0
2856.0,80.2000000000321,1.0,4.0,0.140825634964418,1,5,0.0
2857.0,74.2333333333358,1.0,3.0,3.94767936532538,1,5,0.0
2858.0,77.4666666666615,1.0,4.0,5.93681977697955,1,5,66.0
2859.0,72.5666666667296,1.0,5.0,1.47962180010692,1,5,2.0
2860.0,67.4999999999932,0.75,5.0,0.0449233491930868,1,5,0.0
2861.0,75.1333333332958,1.0,5.0,0.0656987668244714,1,5,0.0
2862.0,65.9000000000659,1.0,4.0,0.100179387616384,1,5,0.0
2863.0,67.3000000000112,1.0,3.0,1.81211811249906,1,5,0.0
2864.0,65.6999999999934,1.0,4.0,0.450866545062774,1,5,0.0
2865.0,61.7999999999794,1.0,3.0,0.753979035945709,1,5,0.0
2866.0,66.0333333332739,1.0,4.0,0.369398095712147,1,5,0.0
2867.0,71.5333333333309,1.0,3.0,3.93951719953173,1,5,0.0
2868.0,79.0999999999552,1.0,4.0,6.36496353022552,1,5,99.0
2869.0,76.966666666659,1.0,5.0,2.24955319940583,1,5,28.0
2870.0,78.6999999999869,0.75,5.0,0.0418752856314496,1,5,0.0
2871.0,71.2,1.0,5.0,0.0691176692298706,1,5,0.0
2872.0,74.7000729183209,1.0,4.0,0.0801512678511835,1,5,0.0
2873.0,64.409121367703,1.0,3.0,0.506542612416497,1,5,0.0
2874.0,64.3999999999785,1.0,2.0,6.98496793095026,1,5,0.0
2875.0,71.1333333333167,1.0,3.0,10.2477387129137,1,5,355.0
2876.0,75.000000000055,1.0,4.0,8.99261134821088,1,5,278.0
2877.0,78.866666666643,1.0,5.0,4.54824522990894,1,5,152.0
2878.0,66.8333333333578,0.75,5.0,0.0420136767529047,1,5,0.0
2879.0,70.6333333333239,1.0,5.0,0.069011496341015,1,5,0.0
2880.0,73.5000000000539,1.0,4.0,0.112566271963728,1,5,0.0
2881.0,70.300000000007,1.0,3.0,0.317664565470694,1,5,0.0
2882.0,61.8333333333271,1.0,2.0,6.49752053501275,1,5,0.0
2883.0,73.1333333332724,1.0,3.0,10.7810560007501,1,5,392.0
2884.0,75.7999999999747,1.0,4.0,8.73159266116455,1,5,248.0
2885.0,73.066666666674,1.0,5.0,3.16417356030516,1,5,99.0
2886.0,64.800000000013,0.75,5.0,0.0407690883616956,1,5,0.0
2887.0,66.3999999999801,1.0,5.0,0.0579181737100316,1,5,0.0
2888.0,64.5333333333548,1.0,4.0,0.127507744368887,1,5,0.0
2889.0,75.3666666666692,1.0,3.0,2.56997025717941,1,5,0.0
2890.0,72.0333333333285,1.0,4.0,1.39414498770417,1,5,18.0
2891.0,62.2666666666646,1.0,5.0,0.0541432571949856,1,5,0.0
2892.0,62.6666666666855,1.0,4.0,0.0864150706794194,1,5,0.0
2893.0,68.8333333333838,1.0,3.0,0.872357703054804,1,5,0.0
2894.0,69.3999999999838,1.0,4.0,0.596490801407207,1,5,0.0
2895.0,78.7000000000262,1.0,3.0,4.20279326395691,1,5,0.0
2896.0,80.5333333333011,1.0,4.0,6.03943341698899,1,5,96.0
2897.0,80.1666666666506,1.0,5.0,1.9827266453949,1,5,26.0
2898.0,79.4666666666561,0.75,5.0,0.0451186070859485,1,5,0.0
2899.0,79.4666666666985,1.0,5.0,0.061089030547788,1,5,0.0
2900.0,76.233333333346,1.0,4.0,0.0943334286602992,1,5,0.0
2901.0,71.7666666666667,1.0,3.0,3.03871329393954,1,5,0.0
2902.0,74.4000000000372,1.0,4.0,1.40637652097657,1,5,32.0
2903.0,61.5333333333251,1.0,5.0,0.0705497750857981,1,5,0.0
2904.0,79.6666666666321,1.0,4.0,0.150584455087024,1,5,0.0
2905.0,78.1333333333438,1.0,3.0,3.16644596559908,1,5,0.0
2906.0,79.7666666667145,1.0,4.0,4.2035365602974,1,5,35.0
2907.0,80.966666666664,1.0,5.0,0.429197478214852,1,5,0.0
2908.0,81.6666666666367,1.0,4.0,0.247759652868942,1,5,0.0
2909.0,83.5666666666806,1.0,3.0,4.6211145656521,1,5,0.0
2910.0,90.0333333333784,1.0,4.0,8.45778186480798,1,5,176.0
2911.0,86.4666666666926,1.0,5.0,5.4598599759372,1,5,160.0
2912.0,79.2333333333201,0.75,5.0,0.177619067700041,1,5,0.0
2913.0,75.1333333332807,1.0,5.0,0.0785971801854124,1,5,0.0
2914.0,85.3999999999061,1.0,4.0,0.292521328833784,1,5,0.0
2915.0,87.2333333333072,1.0,3.0,4.84549749185067,1,5,0.0
2916.0,92.4999999999753,1.0,4.0,9.06485775845585,1,5,194.0
2917.0,97.4947808186577,1.0,5.0,8.16624113287925,1,5,213.0
2918.0,100.230413854366,0.75,5.0,3.35625059179994,1,5,127.0
2919.0,97.1313037440352,0.5,5.0,0.0289348271320354,1,5,0.0
2920.0,96.0327052593012,0.75,5.0,0.0447031138028414,1,5,0.0
2921.0,91.06630661873,1.0,5.0,0.100531629601343,1,5,0.0
2922.0,98.5363618838594,1.0,4.0,2.10294996464921,1,5,0.0
2923.0,97.8486243685383,1.0,5.0,0.805367871284201,1,5,5.0
2924.0,93.1663001966273,0.75,5.0,0.0549595181747276,1,5,0.0
2925.0,105.562559752257,1.0,5.0,0.123663477615289,1,5,0.0
2926.0,99.1748183488295,1.0,4.0,1.51255199466356,1,5,0.0
2927.0,97.7615219019855,1.0,5.0,0.74706035072771,1,5,0.0
2928.0,91.9770508266352,1.0,4.0,2.67512835573571,1,5,0.0
2929.0,106.874050807409,1.0,5.0,3.91065586400488,1,5,16.0
2930.0,108.699606952167,0.75,5.0,0.524292282907677,1,5,0.0
2931.0,111.75068400474,1.0,5.0,0.187407607963327,1,5,0.0
2932.0,106.56482840916,1.0,4.0,1.16749156937181,1,5,0.0
2933.0,98.6625545122599,1.0,5.0,1.48834988806482,1,5,0.0
2934.0,105.335192645608,0.75,5.0,0.0852171693489955,1,5,0.0
2935.0,110.011780732215,1.0,5.0,0.222732547088769,1,5,0.0
2936.0,111.722432740901,1.0,4.0,3.75251055533543,1,5,0.0
2937.0,110.607078251556,1.0,5.0,4.75681156085591,1,5,73.0
2938.0,108.851365850484,0.75,5.0,1.24682975132428,1,5,57.0
2939.0,116.4912740182,0.5,5.0,0.0306299285262817,1,5,0.0
2940.0,113.349082003882,0.75,5.0,0.0672973296873452,1,5,0.0
2941.0,117.635845914288,1.0,5.0,0.826838302675404,1,5,0.0
2942.0,120.412518355236,0.75,5.0,0.218039148802405,1,5,0.0
2943.0,121.712653063079,1.0,5.0,0.248716659602121,1,5,0.0
2944.0,111.856821581589,1.0,4.0,3.07895186579323,1,5,0.0
2945.0,110.934707158108,1.0,5.0,4.9454050339178,1,5,35.0
2946.0,118.575269710516,0.75,5.0,1.94832809812622,1,5,32.0
2947.0,114.334832195661,0.5,5.0,0.0280628586265006,1,5,0.0
2948.0,112.775499936484,0.75,5.0,0.0767106293237676,1,5,0.0
2949.0,123.738485987478,1.0,5.0,0.493011389424758,1,5,0.0
2950.0,117.966880688151,1.0,4.0,3.73025260048246,1,5,0.0
2951.0,120.917573246485,1.0,5.0,8.65874309349087,1,5,119.0
2952.0,131.111983770764,0.75,5.0,6.59490838041754,1,5,233.0
2953.0,120.622411185971,0.5,5.0,0.570043729929815,1,5,5.0
2954.0,128.828863282879,0.75,5.0,0.0876379666083539,1,5,0.0
2955.0,130.480017954998,1.0,5.0,1.16555248163352,1,5,0.0
2956.0,124.916277973248,0.75,5.0,0.418615105151266,1,5,0.0
2957.0,119.208659560982,1.0,5.0,0.438037214925032,1,5,0.0
2958.0,120.026245505902,1.0,4.0,4.46750606725579,1,5,0.0
2959.0,125.260939794568,1.0,5.0,7.69329527574116,1,5,137.0
2960.0,127.853354221433,0.75,5.0,5.74903648581908,1,5,160.0
2961.0,137.159313387902,0.5,5.0,0.835932491873184,1,5,2.0
2962.0,132.156224504691,0.25,5.0,0.0137249188804255,1,5,0.0
2963.0,128.547185878989,0.5,5.0,0.0321168525507332,1,5,0.0
2964.0,131.296689734759,0.75,5.0,0.116782377223247,1,5,0.0
2965.0,138.418308328973,1.0,5.0,1.33380079418837,1,5,0.0
2966.0,125.984507358742,0.75,5.0,0.342353963645541,1,5,0.0
2967.0,128.098260829328,1.0,5.0,1.52010842896163,1,5,0.0
2968.0,132.797729119449,0.75,5.0,1.79513241565549,1,5,5.0
2969.0,134.182874165075,0.5,5.0,0.03259500458569,1,5,0.0
2970.0,128.812475616526,0.75,5.0,0.0658487756908957,1,5,0.0
2971.0,124.520299495284,1.0,5.0,1.17451344481081,1,5,0.0
2972.0,130.864676372714,0.75,5.0,0.75520283679914,1,5,0.0
2973.0,138.867440571703,0.5,5.0,0.0350330020118012,1,5,0.0
2974.0,139.236443284993,0.75,5.0,0.0734909872702841,1,5,0.0
2975.0,127.606948575901,1.0,5.0,1.87356472697993,1,5,0.0
2976.0,138.806191480419,0.75,5.0,2.44117774767939,1,5,33.0
2977.0,133.71131763038,0.5,5.0,0.0289103748341931,1,5,0.0
2978.0,128.713606859728,0.75,5.0,0.127535527744744,1,5,0.0
2979.0,144.605177225722,1.0,5.0,2.45738336664174,1,5,0.0
2980.0,143.104483840252,0.75,5.0,2.75106468732104,1,5,64.0
2981.0,146.48342491314,0.5,5.0,0.0819815265378464,1,5,0.0
2982.0,144.097438108618,0.75,5.0,0.0876615677266123,1,5,0.0
2983.0,135.43555460717,1.0,5.0,2.43622100918868,1,5,0.0
2984.0,138.301501362029,0.75,5.0,1.16184746156315,1,5,0.0
2985.0,129.891448468775,0.5,5.0,0.0370584222135801,1,5,0.0
2986.0,145.57957228554,0.75,5.0,0.0993653730763937,1,5,0.0
2987.0,147.257548603112,1.0,5.0,2.33441313526028,1,5,0.0
2988.0,143.898564362772,0.75,5.0,2.02376816318941,1,5,13.0
2989.0,145.036417306431,0.5,5.0,0.0569668101244969,1,5,0.0
2990.0,147.742477287683,0.75,5.0,0.0718571240746129,1,5,0.0
2991.0,137.514586152117,1.0,5.0,0.883000668983777,1,5,0.0
2992.0,131.427130509544,0.75,5.0,0.457342103113833,1,5,0.0
2993.0,132.156122485278,1.0,5.0,0.932562376163056,1,5,0.0
2994.0,132.134799412929,0.75,5.0,0.457326663161067,1,5,0.0
2995.0,133.462096338225,1.0,5.0,2.93832345743278,1,5,0.0
2996.0,149.558730386744,0.75,5.0,3.28997303928243,1,5,49.0
2997.0,150.375899567428,0.5,5.0,0.175337670307175,1,5,0.0
2998.0,147.78863669167,0.75,5.0,0.0894703146156166,1,5,0.0
2999.0,140.959104886819,1.0,5.0,1.24511916392198,1,5,0.0
3000.0,134.72027473225,0.75,5.0,0.312119044196225,1,6,0.0
3001.0,140.462844452695,1.0,5.0,2.53624121274857,1,6,0.0
3002.0,146.566605111531,0.75,5.0,2.28453083672126,1,6,8.0
3003.0,142.469897066772,0.5,5.0,0.0304686240731702,1,6,0.0
3004.0,135.758896104551,0.75,5.0,0.0700132615362798,1,6,0.0
3005.0,135.938370704412,1.0,5.0,1.04093348927905,1,6,0.0
3006.0,135.278812570323,0.75,5.0,0.420183061567949,1,6,0.0
3007.0,143.281047064299,1.0,5.0,2.99976944993519,1,6,0.0
3008.0,150.13502412213,0.75,5.0,3.08846106706869,1,6,79.0
3009.0,140.892230405797,0.5,5.0,0.0427675020251692,1,6,0.0
3010.0,130.326078321118,0.75,5.0,0.0650097002726937,1,6,0.0
3011.0,134.242826496882,1.0,5.0,2.08436050070349,1,6,0.0
3012.0,145.085228040971,0.75,5.0,2.19683348440878,1,6,53.0
3013.0,148.914533422457,0.5,5.0,0.0542642798129722,1,6,0.0
3014.0,136.354397706342,0.75,5.0,0.065085614608416,1,6,0.0
3015.0,131.493501304143,1.0,5.0,1.35118389317045,1,6,0.0
3016.0,141.137454778196,0.75,5.0,1.02463896638204,1,6,0.0
3017.0,146.049160865238,0.5,5.0,0.0402116152819909,1,6,0.0
3018.0,134.708927766171,0.75,5.0,0.066592465000555,1,6,0.0
3019.0,134.781989007851,1.0,5.0,2.49631404793147,1,6,0.0
3020.0,145.061139252522,0.75,5.0,1.83012135364961,1,6,37.0
3021.0,136.358439860983,0.5,5.0,0.0311798297481493,1,6,0.0
3022.0,130.362656362112,0.75,5.0,0.0719590852185356,1,6,0.0
3023.0,130.085605026791,1.0,5.0,1.39287456398899,1,6,0.0
3024.0,140.849260810039,0.75,5.0,1.48828226231067,1,6,17.0
3025.0,138.825982250555,0.5,5.0,0.0314570608723177,1,6,0.0
3026.0,139.342571948588,0.75,5.0,0.0830076455060505,1,6,0.0
3027.0,143.705744246093,1.0,5.0,2.65782690455179,1,6,0.0
3028.0,147.604190499614,0.75,5.0,1.95456056899604,1,6,25.0
3029.0,141.438376834784,0.5,5.0,0.0295302173847914,1,6,0.0
3030.0,139.933477932904,0.75,5.0,0.0622239701421018,1,6,0.0
3031.0,127.610823147122,1.0,5.0,0.266333854514166,1,6,0.0
3032.0,125.613849665883,1.0,4.0,2.95837968741487,1,6,0.0
3033.0,120.2767596517,1.0,5.0,4.85564623875416,1,6,66.0
3034.0,127.306629340596,0.75,5.0,1.58076848564187,1,6,21.0
3035.0,126.153687656564,0.5,5.0,0.0285536993698637,1,6,0.0
3036.0,133.17445438968,0.75,5.0,0.0615167672277902,1,6,0.0
3037.0,125.233480217775,1.0,5.0,1.46088986863823,1,6,0.0
3038.0,136.360558779465,0.75,5.0,0.922692901427244,1,6,7.0
3039.0,132.42834967244,0.5,5.0,0.0298427039840377,1,6,0.0
3040.0,136.276876782828,0.75,5.0,0.0580433313901322,1,6,0.0
3041.0,134.545952604061,1.0,5.0,1.26392987157552,1,6,0.0
3042.0,134.125855684278,0.75,5.0,0.278468578149362,1,6,0.0
3043.0,119.726037076622,1.0,5.0,0.380287660766379,1,6,0.0
3044.0,127.282581534651,1.0,4.0,4.86744996166684,1,6,0.0
3045.0,134.663375595542,1.0,5.0,8.56207460086957,1,6,172.0
3046.0,123.860054448294,0.75,5.0,4.06217149159996,1,6,102.0
3047.0,118.804072991129,0.5,5.0,0.025900967638006,1,6,0.0
3048.0,116.805348729539,0.75,5.0,0.05841008008594,1,6,0.0
3049.0,126.988006327249,1.0,5.0,0.731486818972346,1,6,0.0
3050.0,131.030846581425,1.0,4.0,4.54199517556999,1,6,0.0
3051.0,128.206613162979,1.0,5.0,6.98859148864129,1,6,86.0
3052.0,126.135616020643,0.75,5.0,3.19216309452292,1,6,71.0
3053.0,124.37391820467,0.5,5.0,0.026876491146096,1,6,0.0
3054.0,119.831099556514,0.75,5.0,0.0560427501430739,1,6,0.0
3055.0,123.357785541125,1.0,5.0,0.390465181492913,1,6,0.0
3056.0,124.867662357076,1.0,4.0,2.62103371995352,1,6,0.0
3057.0,120.138853422067,1.0,5.0,4.21062853195382,1,6,41.0
3058.0,115.334507585999,0.75,5.0,0.433164918632924,1,6,0.0
3059.0,118.927127898634,1.0,5.0,0.111919818554122,1,6,0.0
3060.0,112.017880486242,1.0,4.0,1.01748793990626,1,6,0.0
3061.0,109.210864225448,1.0,5.0,1.0993361334295,1,6,0.0
3062.0,116.197090914905,0.75,5.0,0.0466282521815936,1,6,0.0
3063.0,112.44094179242,1.0,5.0,0.0748615969284665,1,6,0.0
3064.0,102.581127073596,1.0,4.0,0.172665313762822,1,6,0.0
3065.0,98.0946692609353,1.0,3.0,4.84792393425698,1,6,0.0
3066.0,105.574983847122,1.0,4.0,9.41212923021348,1,6,260.0
3067.0,114.697982103261,1.0,5.0,8.29272183701496,1,6,285.0
3068.0,105.714621668124,0.75,5.0,2.10462909028877,1,6,73.0
3069.0,107.74835949961,0.5,5.0,0.0242109207056992,1,6,0.0
3070.0,97.4757095044789,0.75,5.0,0.0367831326568392,1,6,0.0
3071.0,96.3517614502521,1.0,5.0,0.0651577966230452,1,6,0.0
3072.0,98.9919798481786,1.0,4.0,0.155870772290605,1,6,0.0
3073.0,94.0610224545519,1.0,3.0,3.99239668375727,1,6,0.0
3074.0,102.523125385733,1.0,4.0,8.20889938012224,1,6,179.0
3075.0,104.321826941672,1.0,5.0,6.43887161355313,1,6,171.0
3076.0,101.813528042327,0.75,5.0,1.08092037159521,1,6,0.0
3077.0,106.011322537721,0.5,5.0,0.0250756952410748,1,6,0.0
3078.0,101.621092020567,0.75,5.0,0.0429683908233812,1,6,0.0
3079.0,101.715508636613,1.0,5.0,0.0625373090079056,1,6,0.0
3080.0,99.0871277808201,1.0,4.0,0.339130940224331,1,6,0.0
3081.0,99.3018658189855,1.0,3.0,4.00658135270492,1,6,0.0
3082.0,94.2418862729833,1.0,4.0,4.58551599120467,1,6,102.0
3083.0,81.5470223053475,1.0,5.0,0.21541271967183,1,6,0.0
3084.0,79.5399112641417,1.0,4.0,0.0713546919975554,1,6,0.0
3085.0,82.3731376147578,1.0,3.0,0.736141483481774,1,6,0.0
3086.0,80.1015865809633,1.0,2.0,7.98232577147572,1,6,0.0
3087.0,85.3882756368896,1.0,3.0,10.0020686037922,1,6,431.0
3088.0,83.3764800807484,1.0,4.0,7.03574025370738,1,6,273.0
3089.0,76.5384054475582,1.0,5.0,1.55700222437445,1,6,60.0
3090.0,78.0691514633012,0.75,5.0,0.0323244357997462,1,6,0.0
3091.0,79.3063352627847,1.0,5.0,0.0529050440441212,1,6,0.0
3092.0,84.7406250560461,1.0,4.0,0.0769320432643715,1,6,0.0
3093.0,82.8261884704217,1.0,3.0,1.69509092257297,1,6,0.0
3094.0,84.8976412552045,1.0,4.0,1.27570344224809,1,6,0.0
3095.0,82.0340140029404,1.0,5.0,0.0442111351123917,1,6,0.0
3096.0,70.2582552382174,1.0,4.0,0.0538861560758014,1,6,0.0
3097.0,62.4023660244056,1.0,3.0,0.0918137105795564,1,6,0.0
3098.0,65.6225343177674,1.0,2.0,4.23018975521313,1,6,0.0
3099.0,65.6408143097646,1.0,3.0,4.70143601442671,1,6,147.0
3100.0,62.3623554558387,1.0,4.0,0.470776870876023,1,6,8.0
3101.0,59.3442465365147,1.0,3.0,0.0798126484973923,1,6,0.0
3102.0,61.0513546613704,1.0,2.0,3.39344412339014,1,6,0.0
3103.0,65.7415541949186,1.0,3.0,6.03034502410586,1,6,136.0
3104.0,74.8422856549708,1.0,4.0,2.99422426048844,1,6,122.0
3105.0,73.283033792556,1.0,5.0,0.0491116763208098,1,6,0.0
3106.0,80.4721852437657,1.0,4.0,0.0704927701377944,1,6,0.0
3107.0,78.1326113247668,1.0,3.0,0.20518208479473,1,6,0.0
3108.0,73.6120563589415,1.0,2.0,4.7337586612597,1,6,0.0
3109.0,66.6555675387059,1.0,3.0,5.68235362013961,1,6,151.0
3110.0,64.4256780626705,1.0,4.0,1.31265061613575,1,6,13.0
3111.0,62.52919469389,1.0,5.0,0.0451306235311477,1,6,0.0
3112.0,67.4412992811216,1.0,4.0,0.0670909236729644,1,6,0.0
3113.0,77.0090002841823,1.0,3.0,1.46294516139702,1,6,0.0
3114.0,80.2681873752058,1.0,4.0,0.254608610784443,1,6,0.0
3115.0,68.7111037949699,1.0,3.0,0.0785209322028098,1,6,0.0
3116.0,59.9010373289544,1.0,2.0,2.83031000909498,1,6,0.0
3117.0,65.0136840059314,1.0,3.0,4.52375552416436,1,6,89.0
3118.0,69.0542875369352,1.0,4.0,0.927164501965761,1,6,0.0
3119.0,79.930926272889,1.0,5.0,0.0497802288493541,1,6,0.0
3120.0,81.4641726957336,1.0,4.0,0.0645244969650554,1,6,0.0
3121.0,76.4376775152659,1.0,3.0,0.404155978286443,1,6,0.0
3122.0,75.0618561589057,1.0,2.0,4.3223032857064,1,6,0.0
3123.0,64.4442614449044,1.0,3.0,4.98880684170646,1,6,100.0
3124.0,64.2050214391722,1.0,4.0,0.73339803439305,1,6,0.0
3125.0,65.1837975266008,1.0,3.0,0.128287375269201,1,6,0.0
3126.0,70.7136884219324,1.0,2.0,5.84674799731297,1,6,0.0
3127.0,74.465725981305,1.0,3.0,8.87328792008757,1,6,298.0
3128.0,67.139968579267,1.0,4.0,4.16914649304524,1,6,167.0
3129.0,71.1721928009936,1.0,5.0,0.0488153953955142,1,6,0.0
3130.0,72.6463254296511,1.0,4.0,0.0590289613342068,1,6,0.0
3131.0,70.947432838251,1.0,3.0,0.0704868255853405,1,6,0.0
3132.0,60.4444913587238,1.0,2.0,3.10258164968549,1,6,0.0
3133.0,63.0251682195493,1.0,3.0,4.39253628657222,1,6,78.0
3134.0,71.5730329043992,1.0,4.0,1.16702137243095,1,6,18.0
3135.0,72.3920603859778,1.0,5.0,0.0454871319391335,1,6,0.0
3136.0,67.9398433551977,1.0,4.0,0.0526574712064259,1,6,0.0
3137.0,66.5824000732002,1.0,3.0,0.125589775866753,1,6,0.0
3138.0,65.1080876299894,1.0,2.0,4.79016688521809,1,6,0.0
3139.0,71.7761977327201,1.0,3.0,8.25709607127481,1,6,227.0
3140.0,76.8216138671545,1.0,4.0,5.51508406782421,1,6,195.0
3141.0,74.8135620460152,1.0,5.0,0.42500971391495,1,6,0.0
3142.0,77.1437006985541,1.0,4.0,0.0680911995630915,1,6,0.0
3143.0,77.4781473015202,1.0,3.0,0.176939174026102,1,6,0.0
3144.0,68.7428227842592,1.0,2.0,4.42912939195415,1,6,0.0
3145.0,71.1865195071637,1.0,3.0,8.16769208338894,1,6,224.0
3146.0,80.4698105251978,1.0,4.0,6.08893884148301,1,6,232.0
3147.0,73.5353967511066,1.0,5.0,0.418571383898491,1,6,0.0
3148.0,74.0989186582926,1.0,4.0,0.0607184497132318,1,6,0.0
3149.0,73.0631516969914,1.0,3.0,0.315662551310203,1,6,0.0
3150.0,74.9874960696663,1.0,2.0,3.69401321206666,1,6,0.0
3151.0,65.3884520026777,1.0,3.0,4.57766404615874,1,6,119.0
3152.0,64.3000000000471,1.0,4.0,0.47580286292405,1,6,4.0
3153.0,73.1333333332919,1.0,3.0,0.991735197108563,1,6,0.0
3154.0,80.8943901824121,1.0,4.0,0.428867025955105,1,6,0.0
3155.0,65.7548455366221,1.0,3.0,0.0887407969521382,1,6,0.0
3156.0,62.3450569311754,1.0,2.0,3.07728963566537,1,6,0.0
3157.0,65.3641876100564,1.0,3.0,5.1122959126204,1,6,107.0
3158.0,68.2754973750899,1.0,4.0,1.11008421545757,1,6,23.0
3159.0,62.0937813321478,1.0,5.0,0.0443210210338616,1,6,0.0
3160.0,67.8300138741151,1.0,4.0,0.050313623620519,1,6,0.0
3161.0,69.4790163790861,1.0,3.0,0.713519337450365,1,6,0.0
3162.0,78.5009799419334,1.0,2.0,6.4769378900023,1,6,0.0
3163.0,77.6791347015895,1.0,3.0,9.13479664114275,1,6,347.0
3164.0,74.1761581613435,1.0,4.0,6.10881911070636,1,6,215.0
3165.0,74.3105689519238,1.0,5.0,0.509359132215119,1,6,7.0
3166.0,72.2465067626721,1.0,4.0,0.0474132031176998,1,6,0.0
3167.0,65.0876321839204,1.0,3.0,0.131981660773323,1,6,0.0
3168.0,68.2764529023605,1.0,2.0,5.46241188075702,1,6,0.0
3169.0,76.5627957718369,1.0,3.0,8.78563886566742,1,6,296.0
3170.0,76.5269750426728,1.0,4.0,6.58044670808651,1,6,249.0
3171.0,74.1798033375116,1.0,5.0,0.839792110799422,1,6,28.0
3172.0,64.4491892417846,0.75,5.0,0.0327397551361391,1,6,0.0
3173.0,67.0475681816812,1.0,5.0,0.0468594063748231,1,6,0.0
3174.0,77.811461834447,1.0,4.0,0.0625809806000872,1,6,0.0
3175.0,76.0666666666591,1.0,3.0,0.234869579710035,1,6,0.0
3176.0,74.9666666666792,1.0,2.0,5.93060588363216,1,6,0.0
3177.0,78.833333333357,1.0,3.0,8.86286957410042,1,6,330.0
3178.0,69.5333333333194,1.0,4.0,4.22648664705397,1,6,140.0
3179.0,67.2666666667003,1.0,5.0,0.0428030290117625,1,6,0.0
3180.0,62.8999999999874,1.0,4.0,0.0505543822199082,1,6,0.0
3181.0,66.7999999999755,1.0,3.0,0.0826717260981937,1,6,0.0
3182.0,64.3999999999871,1.0,2.0,3.90005079886119,1,6,0.0
3183.0,67.2324161319474,1.0,3.0,6.47245815969882,1,6,153.0
3184.0,75.056014418395,1.0,4.0,2.98791213358398,1,6,130.0
3185.0,67.7600630962334,1.0,5.0,0.0451514775929589,1,6,0.0
3186.0,73.7820878372264,1.0,4.0,0.0645910360790593,1,6,0.0
3187.0,76.5128494391433,1.0,3.0,0.933986481479125,1,6,0.0
3188.0,78.4872544218343,1.0,4.0,0.272216187608661,1,6,0.0
3189.0,77.6394131236354,1.0,3.0,0.109409741957153,1,6,0.0
3190.0,67.9798020593989,1.0,2.0,3.98544834832749,1,6,0.0
3191.0,62.1647245224436,1.0,3.0,4.31669586112294,1,6,113.0
3192.0,67.3382098822125,1.0,4.0,0.871467931315433,1,6,27.0
3193.0,72.7438692776079,1.0,5.0,0.0427010829916519,1,6,0.0
3194.0,60.7147572004147,1.0,4.0,0.0498638979002465,1,6,0.0
3195.0,61.7429774357567,1.0,3.0,0.169858079211567,1,6,0.0
3196.0,68.080043573745,1.0,2.0,4.09663613100467,1,6,0.0
3197.0,67.3436224016727,1.0,3.0,7.16495771481952,1,6,206.0
3198.0,77.7828054647621,1.0,4.0,5.59145593783999,1,6,221.0
3199.0,80.6360174842272,1.0,5.0,0.885096382043879,1,6,31.0
3200.0,79.3276004078876,0.75,5.0,0.031974817622217,1,6,0.0
3201.0,74.5509168833941,1.0,5.0,0.0431164844411554,1,6,0.0
3202.0,67.2906574519474,1.0,4.0,0.0487882489579066,1,6,0.0
3203.0,60.3718871495125,1.0,3.0,0.336798932406097,1,6,0.0
3204.0,73.773356651844,1.0,2.0,4.98489999410836,1,6,0.0
3205.0,70.0270769720376,1.0,3.0,7.53121726114071,1,6,229.0
3206.0,69.6338924669085,1.0,4.0,3.9011916849059,1,6,154.0
3207.0,81.8139939429578,1.0,5.0,0.186638675950282,1,6,0.0
3208.0,80.137154551769,1.0,4.0,0.0565021970665595,1,6,0.0
3209.0,69.435026615195,1.0,3.0,0.105436916086025,1,6,0.0
3210.0,66.721569696778,1.0,2.0,5.33592436539116,1,6,0.0
3211.0,76.3373705388023,1.0,3.0,8.99954270078245,1,6,296.0
3212.0,80.9151944857667,1.0,4.0,7.09605693929346,1,6,282.0
3213.0,88.7909707749507,1.0,5.0,3.30414953797511,1,6,160.0
3214.0,76.1727893676188,0.75,5.0,0.0350702162757254,1,6,0.0
3215.0,74.5070492179674,1.0,5.0,0.0566022471425907,1,6,0.0
3216.0,87.5522965429488,1.0,4.0,0.102233031374202,1,6,0.0
3217.0,88.1958881856292,1.0,3.0,1.39705290806857,1,6,0.0
3218.0,76.8905693997508,1.0,4.0,0.12640383840326,1,6,0.0
3219.0,87.3793011563999,1.0,3.0,2.23672888102029,1,6,0.0
3220.0,83.5261597566447,1.0,4.0,0.851333775830102,1,6,15.0
3221.0,70.9475111580374,1.0,5.0,0.0472670320846121,1,6,0.0
3222.0,78.9779603793875,1.0,4.0,0.0757781994419744,1,6,0.0
3223.0,82.2605034822023,1.0,3.0,2.02235190207792,1,6,0.0
3224.0,85.9886649840049,1.0,4.0,1.35362352765586,1,6,9.0
3225.0,85.4973462809948,1.0,5.0,0.0589015895283827,1,6,0.0
3226.0,93.2127816902795,1.0,4.0,0.133146314968891,1,6,0.0
3227.0,93.2060220128781,1.0,3.0,2.69122606018549,1,6,0.0
3228.0,87.687599390178,1.0,4.0,1.63482312947195,1,6,27.0
3229.0,76.0872384478041,1.0,5.0,0.051854677841002,1,6,0.0
3230.0,85.0444231954973,1.0,4.0,0.100290880940345,1,6,0.0
3231.0,90.4158157190222,1.0,3.0,3.595231982083,1,6,0.0
3232.0,93.8739212639045,1.0,4.0,3.97391955746181,1,6,95.0
3233.0,81.5472891427306,1.0,5.0,0.0485076329093663,1,6,0.0
3234.0,77.9684842498022,1.0,4.0,0.0788860826192709,1,6,0.0
3235.0,84.689081471076,1.0,3.0,2.7576096933028,1,6,0.0
3236.0,92.0553655168785,1.0,4.0,4.67888947001131,1,6,58.0
3237.0,96.1154698984438,1.0,5.0,1.06017686027812,1,6,21.0
3238.0,98.0780391060141,0.75,5.0,0.0385021105243801,1,6,0.0
3239.0,99.7862006603592,1.0,5.0,0.0550309517975673,1,6,0.0
3240.0,90.8694857781718,1.0,4.0,0.0823667745166345,1,6,0.0
3241.0,85.5434210257519,1.0,3.0,3.20261529863269,1,6,0.0
3242.0,95.1285255932803,1.0,4.0,5.96721554638849,1,6,123.0
3243.0,103.176719396105,1.0,5.0,3.85794833161243,1,6,115.0
3244.0,100.232149264546,0.75,5.0,0.064447214773966,1,6,0.0
3245.0,99.6201968559475,1.0,5.0,0.0644783912769804,1,6,0.0
3246.0,98.8198241011136,1.0,4.0,0.47138467656749,1,6,0.0
3247.0,101.740000924247,1.0,3.0,4.34284171828025,1,6,0.0
3248.0,96.2039502145197,1.0,4.0,6.77704180323717,1,6,128.0
3249.0,104.002884639082,1.0,5.0,4.16393978963485,1,6,150.0
3250.0,91.8014046811532,0.75,5.0,0.0360396384310768,1,6,0.0
3251.0,90.4759484566118,1.0,5.0,0.0506588287700248,1,6,0.0
3252.0,85.9605818055969,1.0,4.0,0.102304213158275,1,6,0.0
3253.0,88.2696457187794,1.0,3.0,3.72675202888714,1,6,0.0
3254.0,94.3797905054678,1.0,4.0,5.54472367294856,1,6,111.0
3255.0,95.1876449530069,1.0,5.0,1.46948357607816,1,6,7.0
3256.0,88.7785732803449,0.75,5.0,0.0384813918165903,1,6,0.0
3257.0,95.8388625190624,1.0,5.0,0.0558225328043009,1,6,0.0
3258.0,90.3417099059771,1.0,4.0,0.173143007250705,1,6,0.0
3259.0,92.4964330164569,1.0,3.0,4.29424384457108,1,6,0.0
3260.0,104.511776919351,1.0,4.0,8.35715364505688,1,6,221.0
3261.0,100.624737617508,1.0,5.0,5.42012786433091,1,6,187.0
3262.0,100.345587268511,0.75,5.0,0.418357263940158,1,6,0.0
3263.0,106.695292161424,1.0,5.0,0.0681792742631389,1,6,0.0
3264.0,98.8530590608145,1.0,4.0,0.448719531983561,1,6,0.0
3265.0,101.309451886527,1.0,3.0,4.21414108035332,1,6,0.0
3266.0,98.196533280083,1.0,4.0,6.55063147343715,1,6,141.0
3267.0,96.0823136134999,1.0,5.0,2.94514837670615,1,6,79.0
3268.0,94.3083045371933,0.75,5.0,0.0370273761724907,1,6,0.0
3269.0,94.878684946518,1.0,5.0,0.0672422216032744,1,6,0.0
3270.0,99.2157373414937,1.0,4.0,0.165864085517592,1,6,0.0
3271.0,95.9714259084463,1.0,3.0,3.29101600954011,1,6,0.0
3272.0,93.4413461792471,1.0,4.0,5.25956426893393,1,6,88.0
3273.0,93.4541672591879,1.0,5.0,1.45686087787426,1,6,0.0
3274.0,96.2071463091109,0.75,5.0,0.0377958868122534,1,6,0.0
3275.0,98.9069097763142,1.0,5.0,0.0607773983694449,1,6,0.0
3276.0,94.4279484824425,1.0,4.0,0.783678722971234,1,6,0.0
3277.0,103.436916161697,1.0,5.0,0.237404730371165,1,6,0.0
3278.0,93.278177133688,1.0,4.0,0.287481909440911,1,6,0.0
3279.0,98.4572242668875,1.0,3.0,3.55110340084212,1,6,0.0
3280.0,96.4185200249387,1.0,4.0,5.78958003188668,1,6,113.0
3281.0,99.0704286127447,1.0,5.0,2.69702842589289,1,6,84.0
3282.0,93.0717532774879,0.75,5.0,0.0392001823157221,1,6,0.0
3283.0,98.9630246176911,1.0,5.0,0.0833399124167764,1,6,0.0
3284.0,104.215861310978,1.0,4.0,0.446431052906718,1,6,0.0
3285.0,101.648953199153,1.0,3.0,4.61175739147112,1,6,0.0
3286.0,101.955201429492,1.0,4.0,7.688284322473,1,6,138.0
3287.0,103.998529169009,1.0,5.0,5.40952678855905,1,6,141.0
3288.0,102.118231929108,0.75,5.0,0.829997385337415,1,6,1.0
3289.0,112.833377372443,0.5,5.0,0.025633263186685,1,6,0.0
3290.0,112.120773898279,0.75,5.0,0.0405411576629428,1,6,0.0
3291.0,99.6426730387469,1.0,5.0,0.0891552259831246,1,6,0.0
3292.0,108.274622840938,1.0,4.0,0.523528250468888,1,6,0.0
3293.0,106.476232929554,1.0,3.0,6.61365494477693,1,6,0.0
3294.0,110.618194875964,1.0,4.0,10.3187134819833,1,6,290.0
3295.0,110.548574295736,1.0,5.0,8.35445647766916,1,6,262.0
3296.0,109.881219137895,0.75,5.0,3.19493481121721,1,6,141.0
3297.0,114.412827512478,0.5,5.0,0.0257893056246894,1,6,0.0
3298.0,108.799590237322,0.75,5.0,0.0393723922899186,1,6,0.0
3299.0,99.5978074209238,1.0,5.0,0.0653409170362308,1,6,0.0
3300.0,98.2406752700418,1.0,4.0,0.213986089944044,1,6,0.0
3301.0,97.6149538348366,1.0,3.0,3.13986936649197,1,6,0.0
3302.0,99.1320843928926,1.0,4.0,7.01087946853996,1,6,142.0
3303.0,109.854306955038,1.0,5.0,5.35403275068644,1,6,170.0
3304.0,98.7222055810108,0.75,5.0,0.226979954434927,1,6,0.0
3305.0,99.7244302648311,1.0,5.0,0.0676142997609141,1,6,0.0
3306.0,97.9265316756314,1.0,4.0,0.285330267585591,1,6,0.0
3307.0,101.316220949235,1.0,3.0,4.0210807990929,1,6,0.0
3308.0,97.2035040963414,1.0,4.0,6.30182199854503,1,6,145.0
3309.0,102.718038751359,1.0,5.0,4.18841457875639,1,6,122.0
3310.0,100.836537337238,0.75,5.0,0.0965427282264953,1,6,0.0
3311.0,115.211335172722,1.0,5.0,0.181756692009098,1,6,0.0
3312.0,115.842956848388,1.0,4.0,1.27147023828426,1,6,0.0
3313.0,110.590166290195,1.0,5.0,0.966906454323701,1,6,0.0
3314.0,111.429646123357,0.75,5.0,0.0444715393756961,1,6,0.0
3315.0,108.237212627304,1.0,5.0,0.0645278564660928,1,6,0.0
3316.0,97.45343592749,1.0,4.0,0.53501549815004,1,6,0.0
3317.0,105.152885649835,1.0,3.0,5.45948212424416,1,6,0.0
3318.0,106.214350618642,1.0,4.0,9.33554609915036,1,6,191.0
3319.0,99.1950253204923,1.0,5.0,6.13643523173497,1,6,150.0
3320.0,92.9030176001575,0.75,5.0,0.281844573928814,1,6,0.0
3321.0,94.4475230733971,1.0,5.0,0.076817681343753,1,6,0.0
3322.0,103.94253017578,1.0,4.0,1.54586747728549,1,6,0.0
3323.0,108.719390844775,1.0,5.0,0.349203152840785,1,6,0.0
3324.0,98.1314750299029,1.0,4.0,0.778123585518842,1,6,0.0
3325.0,104.292111246102,1.0,5.0,0.339507228869931,1,6,0.0
3326.0,102.241421279463,1.0,4.0,0.157201578496074,1,6,0.0
3327.0,94.950042906456,1.0,3.0,3.72085293935952,1,6,0.0
3328.0,95.3221909757086,1.0,4.0,6.24122121802688,1,6,125.0
3329.0,103.132275839598,1.0,5.0,4.39409168497223,1,6,126.0
3330.0,100.254550470469,0.75,5.0,0.262334078880679,1,6,0.0
3331.0,95.1650979749841,1.0,5.0,0.0748875158340707,1,6,0.0
3332.0,101.524975124797,1.0,4.0,0.693586183221244,1,6,0.0
3333.0,103.6772364686,1.0,3.0,4.26657796211227,1,6,0.0
3334.0,93.464998298088,1.0,4.0,5.34836388536183,1,6,104.0
3335.0,91.8706998772121,1.0,5.0,1.13063063237152,1,6,14.0
3336.0,96.0628555174838,0.75,5.0,0.0417987621662516,1,6,0.0
3337.0,104.358184850664,1.0,5.0,0.0584291575477505,1,6,0.0
3338.0,92.5682785465423,1.0,4.0,0.161104064644729,1,6,0.0
3339.0,95.8384396401388,1.0,3.0,3.9739503971501,1,6,0.0
3340.0,101.758925026902,1.0,4.0,7.6973581049953,1,6,156.0
3341.0,107.974116011426,1.0,5.0,6.08145319642337,1,6,175.0
3342.0,93.0933029508374,0.75,5.0,0.403204140499847,1,6,0.0
3343.0,94.3610856375142,1.0,5.0,0.0678586556719308,1,6,0.0
3344.0,101.536901237946,1.0,4.0,0.122674909584212,1,6,0.0
3345.0,93.2418219150447,1.0,3.0,2.9507563206342,1,6,0.0
3346.0,98.9814839737554,1.0,4.0,7.07423656011329,1,6,142.0
3347.0,106.250809081354,1.0,5.0,5.64371729171642,1,6,179.0
3348.0,95.7098728233289,0.75,5.0,0.359401266772033,1,6,0.0
3349.0,88.6831075405385,1.0,5.0,0.0523198667607219,1,6,0.0
3350.0,87.5270126685109,1.0,4.0,0.133279455749502,1,6,0.0
3351.0,92.931996125095,1.0,3.0,4.04352061204678,1,6,0.0
3352.0,100.410828200258,1.0,4.0,6.94636922746598,1,6,158.0
3353.0,102.843005865882,1.0,5.0,4.28861763603673,1,6,126.0
3354.0,95.1161606901536,0.75,5.0,0.0460230388522583,1,6,0.0
3355.0,92.4930860553579,1.0,5.0,0.0696688674272934,1,6,0.0
3356.0,99.2488140649483,1.0,4.0,0.278185416344481,1,6,0.0
3357.0,97.3237779939192,1.0,3.0,3.68757395200952,1,6,0.0
3358.0,91.7529043506974,1.0,4.0,3.30308718450782,1,6,79.0
3359.0,83.3847180277287,1.0,5.0,0.0555270743185552,1,6,0.0
3360.0,83.2306526596923,1.0,4.0,0.072262732069393,1,6,0.0
3361.0,81.450468690192,1.0,3.0,1.46406005868911,1,6,0.0
3362.0,87.9910565738724,1.0,4.0,3.14771662461906,1,6,7.0
3363.0,98.4999266099807,1.0,5.0,0.655437481233804,1,6,0.0
3364.0,85.4453154957633,1.0,4.0,0.112917262966053,1,6,0.0
3365.0,89.0431843827894,1.0,3.0,3.63920624733494,1,6,0.0
3366.0,92.5507887062313,1.0,4.0,4.97722982685963,1,6,80.0
3367.0,98.6618493493764,1.0,5.0,1.74043851303287,1,6,50.0
3368.0,90.7611812720749,0.75,5.0,0.0361965380103431,1,6,0.0
3369.0,89.0733169457768,1.0,5.0,0.0620995716374462,1,6,0.0
3370.0,94.7501967139058,1.0,4.0,0.0770016146092123,1,6,0.0
3371.0,82.3723094741232,1.0,3.0,1.75518344417939,1,6,0.0
3372.0,85.7078019807984,1.0,4.0,2.01550791416283,1,6,12.0
3373.0,81.3275080619483,1.0,5.0,0.0475669423015831,1,6,0.0
3374.0,76.5129705426629,1.0,4.0,0.079444938992233,1,6,0.0
3375.0,80.390041926866,1.0,3.0,1.8094115547622,1,6,0.0
3376.0,85.0778219684445,1.0,4.0,1.21396220969686,1,6,0.0
3377.0,77.931890393584,1.0,5.0,0.0462869297498077,1,6,0.0
3378.0,76.4493685228423,1.0,4.0,0.060092117197556,1,6,0.0
3379.0,76.8287396020246,1.0,3.0,0.553136434429169,1,6,0.0
3380.0,77.0381332441276,1.0,2.0,5.6114072242606,1,6,0.0
3381.0,77.4114911094639,1.0,3.0,9.30958634003339,1,6,382.0
3382.0,81.2679735555067,1.0,4.0,6.78468306635689,1,6,256.0
3383.0,74.2590660666708,1.0,5.0,1.02162814822667,1,6,45.0
3384.0,74.148398065356,0.75,5.0,0.0322260845342062,1,6,0.0
3385.0,71.2860322997352,1.0,5.0,0.0487207285924829,1,6,0.0
3386.0,82.0336695627496,1.0,4.0,0.07647368258644,1,6,0.0
3387.0,81.9895804515091,1.0,3.0,1.02343722406129,1,6,0.0
3388.0,75.8146824594311,1.0,4.0,0.0618548179792416,1,6,0.0
3389.0,67.3019430065455,1.0,3.0,0.221557777152143,1,6,0.0
3390.0,74.3116383118243,1.0,2.0,5.40822531309575,1,6,0.0
3391.0,67.5396217892549,1.0,3.0,6.63521261891263,1,6,198.0
3392.0,70.4084707573921,1.0,4.0,4.24064707231096,1,6,143.0
3393.0,87.1901084913989,1.0,5.0,0.905544486552063,1,6,56.0
3394.0,74.2444641105108,0.75,5.0,0.0305494129668077,1,6,0.0
3395.0,68.2469661502272,1.0,5.0,0.043835808002254,1,6,0.0
3396.0,72.3209418040447,1.0,4.0,0.0747292374721008,1,6,0.0
3397.0,81.2952737977464,1.0,3.0,0.871208675982693,1,6,0.0
3398.0,79.4773098126756,1.0,4.0,0.204781949106313,1,6,0.0
3399.0,77.0109474107688,1.0,3.0,0.157255396477774,1,6,0.0
3400.0,68.242944199694,1.0,2.0,2.57385329882837,1,6,0.0
3401.0,58.7758267700991,1.0,3.0,2.78560245592872,1,6,49.0
3402.0,66.4266084489062,1.0,4.0,0.053962096172576,1,6,0.0
3403.0,65.3539613231406,1.0,3.0,0.147146301678628,1,6,0.0
3404.0,67.5001618264572,1.0,2.0,4.33693008832977,1,6,0.0
3405.0,67.7665698901792,1.0,3.0,6.37067848533801,1,6,156.0
3406.0,65.3479525816468,1.0,4.0,1.53113910604416,1,6,18.0
3407.0,65.3864552979208,1.0,5.0,0.0432340074662149,1,6,0.0
3408.0,65.4561494111743,1.0,4.0,0.0659573418469325,1,6,0.0
3409.0,75.5285029753828,1.0,3.0,0.097163987871511,1,6,0.0
3410.0,65.1449148824662,1.0,2.0,4.09921192515566,1,6,0.0
3411.0,64.3217018516756,1.0,3.0,4.73065208744927,1,6,138.0
3412.0,62.4011303382704,1.0,4.0,0.27896330561928,1,6,0.0
3413.0,78.0903288111113,1.0,3.0,1.27527680921416,1,6,0.0
3414.0,81.0795168427095,1.0,4.0,0.450575833681081,1,6,0.0
3415.0,73.5372202750056,1.0,3.0,0.0929302885082709,1,6,0.0
3416.0,65.2043027547652,1.0,2.0,4.78795102351727,1,6,0.0
3417.0,70.7519256204361,1.0,3.0,8.37433502254535,1,6,254.0
3418.0,78.1154895484326,1.0,4.0,6.5158027040433,1,6,251.0
3419.0,80.7220840660139,1.0,5.0,1.50254214113274,1,6,66.0
3420.0,73.57776474173,0.75,5.0,0.0361647234783701,1,6,0.0
3421.0,79.1956141804533,1.0,5.0,0.049680683138446,1,6,0.0
3422.0,79.9595866445173,1.0,4.0,0.0699311916678031,1,6,0.0
3423.0,80.4395970060797,1.0,3.0,0.356423905705275,1,6,0.0
3424.0,76.0501626268262,1.0,2.0,6.90585003137182,1,6,0.0
3425.0,80.0797553329476,1.0,3.0,9.23567116691683,1,6,374.0
3426.0,73.8593609666131,1.0,4.0,5.74081827195853,1,6,200.0
3427.0,68.2782281131149,1.0,5.0,0.183316060072297,1,6,0.0
3428.0,73.8941679859093,1.0,4.0,0.0605865248339655,1,6,0.0
3429.0,70.4204229064815,1.0,3.0,0.87597010883448,1,6,0.0
3430.0,79.4274289625685,1.0,4.0,0.269502165480847,1,6,0.0
3431.0,73.9139846614957,1.0,3.0,0.0890556971244302,1,6,0.0
3432.0,63.0359675503825,1.0,2.0,2.84121359512489,1,6,0.0
3433.0,63.7453833770212,1.0,3.0,4.66522045660209,1,6,102.0
3434.0,74.1148327708082,1.0,4.0,1.63965620974064,1,6,57.0
3435.0,72.9284761278401,1.0,5.0,0.0437069369098009,1,6,0.0
3436.0,69.1484726957665,1.0,4.0,0.0612347785129867,1,6,0.0
3437.0,75.2754406257059,1.0,3.0,0.156981733350507,1,6,0.0
3438.0,71.8789571507499,1.0,2.0,3.50401349012974,1,6,0.0
3439.0,63.7156508235603,1.0,3.0,4.8785406967537,1,6,97.0
3440.0,75.9990238406352,1.0,4.0,2.19532660927782,1,6,64.0
3441.0,76.2964296020975,1.0,5.0,0.0447737979307111,1,6,0.0
3442.0,71.8732617584809,1.0,4.0,0.0600739155117998,1,6,0.0
3443.0,75.6772989805214,1.0,3.0,0.0947365777358262,1,6,0.0
3444.0,65.193495799726,1.0,2.0,4.04677317540296,1,6,0.0
3445.0,75.799126949375,1.0,3.0,8.78361748920092,1,6,286.0
3446.0,78.460861971567,1.0,4.0,6.32578650721397,1,6,231.0
3447.0,76.8480135470332,1.0,5.0,1.13698562079635,1,6,62.0
3448.0,71.9571252970066,0.75,5.0,0.0339379218159446,1,6,0.0
3449.0,72.8149751499807,1.0,5.0,0.0456950457845837,1,6,0.0
3450.0,71.5569699248655,1.0,4.0,0.0736077299367797,1,6,0.0
3451.0,81.426073282751,1.0,3.0,1.5565024978288,1,6,0.0
3452.0,80.4685391915584,1.0,4.0,0.697926937430088,1,6,2.0
3453.0,80.418651772286,1.0,3.0,0.911201552600855,1,6,0.0
3454.0,79.1287803721811,1.0,4.0,0.287946436978571,1,6,0.0
3455.0,78.760022566007,1.0,3.0,1.19519027746449,1,6,0.0
3456.0,80.1761501123006,1.0,4.0,0.533987117535172,1,6,0.0
3457.0,70.3088039885717,1.0,3.0,0.0883416823831712,1,6,0.0
3458.0,64.6434932793036,1.0,2.0,4.3185802270187,1,6,0.0
3459.0,67.8763923967454,1.0,3.0,7.15057364267165,1,6,187.0
3460.0,76.798918926497,1.0,4.0,4.27527500294562,1,6,154.0
3461.0,66.8867634723717,1.0,5.0,0.0507960095333596,1,6,0.0
3462.0,76.2909129067787,1.0,4.0,0.0624366039961434,1,6,0.0
3463.0,74.3333556811644,1.0,3.0,0.0782029798108773,1,6,0.0
3464.0,62.806766416501,1.0,2.0,3.3752932773037,1,6,0.0
3465.0,62.4425796774769,1.0,3.0,3.33268045972334,1,6,87.0
3466.0,59.3358192189214,1.0,4.0,0.0499639376814733,1,6,0.0
3467.0,61.5852137505197,1.0,3.0,0.0683825650141371,1,6,0.0
3468.0,61.3435363316564,1.0,2.0,3.02365379687365,1,6,0.0
3469.0,60.4467846816883,1.0,3.0,2.53453842113241,1,6,71.0
3470.0,62.9606335078171,1.0,4.0,0.0579264970713578,1,6,0.0
3471.0,70.4013769347588,1.0,3.0,0.397403758492706,1,6,0.0
3472.0,73.0841185573952,1.0,2.0,4.31853860202232,1,6,0.0
3473.0,63.389005112491,1.0,3.0,5.10390915021634,1,6,111.0
3474.0,68.3880435966754,1.0,4.0,0.93472146228561,1,6,0.0
3475.0,59.6194538282416,1.0,5.0,0.0430462223445869,1,6,0.0
3476.0,66.4790328007824,1.0,4.0,0.0577650953947113,1,6,0.0
3477.0,71.2401761089068,1.0,3.0,0.185334356495694,1,6,0.0
3478.0,74.91582271581,1.0,2.0,6.48880330316517,1,6,0.0
3479.0,80.5706828453887,1.0,3.0,9.16306984165874,1,6,363.0
3480.0,71.3443283202264,1.0,4.0,4.75352009393316,1,6,194.0
3481.0,76.7479075388748,1.0,5.0,0.18370290447943,1,6,0.0
3482.0,64.3957006024289,1.0,4.0,0.0468507698857485,1,6,0.0
3483.0,59.6697510268848,1.0,3.0,0.0683661629168546,1,6,0.0
3484.0,59.5774142768918,1.0,2.0,1.45404485820434,1,6,0.0
3485.0,59.6300401870763,1.0,3.0,3.64370860779836,1,6,42.0
3486.0,73.4535574345649,1.0,4.0,0.880761588273842,1,6,0.0
3487.0,66.3399603902855,1.0,5.0,0.0417791933423164,1,6,0.0
3488.0,61.6764436067619,1.0,4.0,0.0498268740661825,1,6,0.0
3489.0,66.1396468731108,1.0,3.0,0.132136299247932,1,6,0.0
3490.0,69.159562767805,1.0,2.0,4.8651442996773,1,6,0.0
3491.0,75.6334722160495,1.0,3.0,8.73294690080961,1,6,298.0
3492.0,74.6865723888142,1.0,4.0,5.81229640312568,1,6,227.0
3493.0,72.8276433053806,1.0,5.0,0.345350097151978,1,6,0.0
3494.0,77.6896483906442,1.0,4.0,0.053490255973643,1,6,0.0
3495.0,67.5513978090185,1.0,3.0,0.177609608575878,1,6,0.0
3496.0,72.1340737765955,1.0,2.0,5.02547476721077,1,6,0.0
3497.0,66.167357226557,1.0,3.0,5.92643895525582,1,6,173.0
3498.0,69.633851653755,1.0,4.0,2.29555244047369,1,6,76.0
3499.0,81.249428769028,1.0,5.0,0.0463431652875618,1,6,0.0
3500.0,77.3238518900121,1.0,4.0,0.0661126239793568,1,6,0.0
3501.0,76.6694405325844,1.0,3.0,0.341984488000274,1,6,0.0
3502.0,78.2913458083283,1.0,2.0,5.67313903398241,1,6,0.0
3503.0,76.5264248384982,1.0,3.0,8.92136630895317,1,6,311.0
3504.0,72.5128938740413,1.0,4.0,5.40320571989266,1,6,201.0
3505.0,72.668143929296,1.0,5.0,0.299539121194359,1,6,0.0
3506.0,83.2824968177107,1.0,4.0,0.0523580304317791,1,6,0.0
3507.0,70.6176537775607,1.0,3.0,0.158834875866695,1,6,0.0
3508.0,69.136554770394,1.0,2.0,5.73007590114507,1,6,0.0
3509.0,74.563044168102,1.0,3.0,9.11878184932125,1,6,256.0
3510.0,81.157990295815,1.0,4.0,7.13555994792338,1,6,264.0
3511.0,81.7221175976657,1.0,5.0,1.89125509527089,1,6,71.0
3512.0,87.2526667493898,0.75,5.0,0.0330987575887294,1,6,0.0
3513.0,78.2663555209754,1.0,5.0,0.0479577582964188,1,6,0.0
3514.0,78.5532455354814,1.0,4.0,0.100370439528669,1,6,0.0
3515.0,84.1653562678515,1.0,3.0,1.92171664428162,1,6,0.0
3516.0,85.9121243086761,1.0,4.0,2.37640709258689,1,6,0.0
3517.0,94.070065173358,1.0,5.0,0.22588769048082,1,6,0.0
3518.0,92.7051384166211,1.0,4.0,0.0825988846505996,1,6,0.0
3519.0,85.7264127806294,1.0,3.0,1.9453959678477,1,6,0.0
3520.0,85.6390683721226,1.0,4.0,1.7469756673372,1,6,0.0
3521.0,87.9865682046998,1.0,5.0,0.0511173317011341,1,6,0.0
3522.0,82.9130783548038,1.0,4.0,0.088521984316297,1,6,0.0
3523.0,87.2560769892466,1.0,3.0,3.58743431444707,1,6,0.0
3524.0,94.2040032714861,1.0,4.0,5.36231874194243,1,6,93.0
3525.0,89.6785808828554,1.0,5.0,0.951907057625037,1,6,0.0
3526.0,91.9067798482155,0.75,5.0,0.0415516659956261,1,6,0.0
3527.0,94.2868294285696,1.0,5.0,0.0605305402574513,1,6,0.0
3528.0,97.1649605175949,1.0,4.0,0.175515874228448,1,6,0.0
3529.0,97.2020901175149,1.0,3.0,3.31791335886985,1,6,0.0
3530.0,94.0699541099683,1.0,4.0,4.47855538275984,1,6,66.0
3531.0,95.3028017572477,1.0,5.0,0.995505822228576,1,6,0.0
3532.0,96.938145660463,0.75,5.0,0.0411464498826668,1,6,0.0
3533.0,103.155642803124,1.0,5.0,0.0898432207613589,1,6,0.0
3534.0,113.40953219913,1.0,4.0,1.4628664803316,1,6,0.0
3535.0,111.140708046566,1.0,5.0,0.762217892238649,1,6,0.0
3536.0,106.030339809737,0.75,5.0,0.043028231995551,1,6,0.0
3537.0,105.811208521376,1.0,5.0,0.0704817344924189,1,6,0.0
3538.0,101.957387563763,1.0,4.0,0.805841726711133,1,6,0.0
3539.0,106.597359544659,1.0,5.0,0.372853182159928,1,6,0.0
3540.0,107.057770268774,1.0,4.0,0.720181225599452,1,6,0.0
3541.0,104.652002499656,1.0,3.0,5.18773782435232,1,6,0.0
3542.0,101.871999210626,1.0,4.0,8.85877502455494,1,6,249.0
3543.0,105.835814120882,1.0,5.0,7.50343274247884,1,6,269.0
3544.0,117.712568383953,0.75,5.0,3.29218000383479,1,6,193.0
3545.0,116.205109315337,0.5,5.0,0.0252740379862212,1,6,0.0
3546.0,110.254597457676,0.75,5.0,0.0451542527655826,1,6,0.0
3547.0,110.280913027494,1.0,5.0,0.118819053042092,1,6,0.0
3548.0,114.8835432919,1.0,4.0,2.92880042803521,1,6,0.0
3549.0,122.846532505778,1.0,5.0,5.81881830658394,1,6,97.0
3550.0,137.075414577945,0.75,5.0,3.15709664529826,1,6,131.0
3551.0,122.329615543101,0.5,5.0,0.026654470402772,1,6,0.0
3552.0,117.002138175632,0.75,5.0,0.0532250516130763,1,6,0.0
3553.0,125.089793727177,1.0,5.0,0.499469168089962,1,6,0.0
3554.0,129.370714962781,1.0,4.0,3.93157630189675,1,6,0.0
3555.0,129.592729824241,1.0,5.0,7.23451033509375,1,6,124.0
3556.0,129.872178145198,0.75,5.0,4.0693223941321,1,6,136.0
3557.0,129.464528168772,0.5,5.0,0.0369544867012014,1,6,0.0
3558.0,129.473946002752,0.75,5.0,0.0638507816058874,1,6,0.0
3559.0,131.702904510541,1.0,5.0,0.260255474708936,1,6,0.0
3560.0,120.954304132,1.0,4.0,1.91344329606724,1,6,0.0
3561.0,118.305281946672,1.0,5.0,3.48716905043845,1,6,29.0
3562.0,119.210039465937,0.75,5.0,0.62594057157961,1,6,12.0
3563.0,128.906557045751,1.0,5.0,1.73902747785827,1,6,0.0
3564.0,137.865702035225,0.75,5.0,1.00057625083262,1,6,4.0
3565.0,138.483879840866,0.5,5.0,0.0311664047589828,1,6,0.0
3566.0,135.062656404474,0.75,5.0,0.0732689323301146,1,6,0.0
3567.0,136.964019245491,1.0,5.0,0.694917386557341,1,6,0.0
3568.0,131.628737948585,1.0,4.0,4.67289021918659,1,6,0.0
3569.0,129.260805306586,1.0,5.0,8.2584837040447,1,6,129.0
3570.0,129.776489173361,0.75,5.0,5.21693129777691,1,6,152.0
3571.0,135.873734358175,0.5,5.0,0.26970746640345,1,6,0.0
3572.0,135.956456017924,0.75,5.0,0.0812060811610034,1,6,0.0
3573.0,136.970535443787,1.0,5.0,0.249499046332762,1,6,0.0
3574.0,124.652012430567,1.0,4.0,3.52901868117896,1,6,0.0
3575.0,126.561699595302,1.0,5.0,6.24307848534469,1,6,90.0
3576.0,128.271882758902,0.75,5.0,2.77312797302247,1,6,55.0
3577.0,129.967118623444,0.5,5.0,0.033523466606221,1,6,0.0
3578.0,136.473693728392,0.75,5.0,0.0983982021451677,1,6,0.0
3579.0,145.805971322326,1.0,5.0,1.78274713982862,1,6,0.0
3580.0,141.409435016396,0.75,5.0,1.51295596525204,1,6,14.0
3581.0,145.617791041159,0.5,5.0,0.0314223642937372,1,6,0.0
3582.0,132.754662553133,0.75,5.0,0.0775040838009143,1,6,0.0
3583.0,134.105772014329,1.0,5.0,2.5062612623275,1,6,0.0
3584.0,145.892374996675,0.75,5.0,2.48228218682107,1,6,40.0
3585.0,146.806057284251,0.5,5.0,0.0551998675956972,1,6,0.0
3586.0,142.526524785487,0.75,5.0,0.117616862949365,1,6,0.0
3587.0,149.832600029148,1.0,5.0,1.95969914501355,1,6,0.0
3588.0,146.766666666735,0.75,5.0,2.00824375771403,1,6,53.0
3589.0,147.733333333333,0.5,5.0,0.0620158306713517,1,6,0.0
3590.0,134.666666666774,0.75,5.0,0.0617721910035421,1,6,0.0
3591.0,131.666666666693,1.0,5.0,0.697176905814511,1,6,0.0
3592.0,133.766666666711,1.0,4.0,5.58118255733859,1,6,0.0
3593.0,139.399999999958,1.0,5.0,10.280079614812,1,6,203.0
3594.0,132.900000000089,0.75,5.0,7.22635395982229,1,6,235.0
3595.0,137.066666666639,0.5,5.0,0.801518302474111,1,6,16.0
3596.0,147.999999999946,0.25,5.0,0.0125013239356341,1,6,0.0
3597.0,140.900000000042,0.5,5.0,0.0304512057892932,1,6,0.0
3598.0,144.366666666811,0.75,5.0,0.0858966519418558,1,6,0.0
3599.0,144.199999999981,1.0,5.0,1.00851499682895,1,6,0.0
3600.0,134.366666666779,0.75,5.0,0.491948226195642,0,0,0.0
3601.0,136.733333333265,1.0,5.0,2.26870402982918,0,0,0.0
3602.0,147.20000000001,0.75,5.0,2.36334201764151,0,0,35.0
3603.0,148.266666666741,0.5,5.0,0.0816135665560926,0,0,0.0
3604.0,144.200000000091,0.75,5.0,0.0956199120520944,0,0,0.0
3605.0,148.766666666647,1.0,5.0,2.94084720989563,0,0,0.0
3606.0,150.60000000008,0.75,5.0,2.69993285300255,0,0,54.0
3607.0,137.866666666662,0.5,5.0,0.0308828842247303,0,0,0.0
3608.0,139.666666666713,0.75,5.0,0.0633847759504653,0,0,0.0
3609.0,131.833333333364,1.0,5.0,0.715728911124809,0,0,0.0
3610.0,131.66666666668,1.0,4.0,4.81518367987669,0,0,0.0
3611.0,129.20000000009,1.0,5.0,8.05181511500372,0,0,220.0
3612.0,132.566666666768,0.75,5.0,5.49548841553828,0,0,235.0
3613.0,133.633333333436,0.5,5.0,0.47178871651674,0,0,21.0
3614.0,134.066666666819,0.75,5.0,0.0767709972084768,0,0,0.0
3615.0,133.33333333332,1.0,5.0,1.3731904917507,0,0,0.0
3616.0,136.833333333183,0.75,5.0,0.691140852385353,0,0,0.0
3617.0,136.900000000078,1.0,5.0,1.51590054960524,0,0,0.0
3618.0,135.766666666739,0.75,5.0,0.849842253915067,0,0,0.0
3619.0,132.433333333377,0.5,5.0,0.0292311406736127,0,0,0.0
3620.0,132.600000000031,0.75,5.0,0.07263518853628,0,0,0.0
3621.0,135.366666666734,1.0,5.0,0.895660929356345,0,0,0.0
3622.0,132.833333333276,0.75,5.0,0.318461174528113,0,0,0.0
3623.0,139.066666666704,1.0,5.0,0.666414534287182,0,0,0.0
3624.0,131.166666666509,1.0,4.0,4.2045404827663,0,0,0.0
3625.0,127.400000000034,1.0,5.0,7.60940115516285,0,0,113.0
3626.0,134.56666666664,0.75,5.0,4.69886544517858,0,0,155.0
3627.0,131.199999999948,0.5,5.0,0.0629893814127541,0,0,0.0
3628.0,131.600000000132,0.75,5.0,0.0911129887521352,0,0,0.0
3629.0,138.999999999958,1.0,5.0,0.48048349914855,0,0,0.0
3630.0,131.000000000004,1.0,4.0,4.47829325693743,0,0,0.0
3631.0,130.166666666723,1.0,5.0,6.9024867298115,0,0,173.0
3632.0,120.200000000024,0.75,5.0,2.55189981699144,0,0,112.0
3633.0,134.333333333445,0.5,5.0,0.0319968918454829,0,0,0.0
3634.0,132.433333333219,0.75,5.0,0.0610743140039895,0,0,0.0
3635.0,127.366666666722,1.0,5.0,1.75411883740456,0,0,0.0
3636.0,135.299999999919,0.75,5.0,0.505363067012338,0,0,0.0
3637.0,127.200000000064,1.0,5.0,0.166883265565685,0,0,0.0
3638.0,122.266666666695,1.0,4.0,3.82592300813602,0,0,0.0
3639.0,125.933333333338,1.0,5.0,6.19661929516498,0,0,88.0
3640.0,122.03333333339,0.75,5.0,2.01245273580025,0,0,39.0
3641.0,134.033333333284,0.5,5.0,0.0281244486093513,0,0,0.0
3642.0,128.633333333218,0.75,5.0,0.0659047488459254,0,0,0.0
3643.0,127.333333333223,1.0,5.0,0.140190851436742,0,0,0.0
3644.0,119.433333333381,1.0,4.0,4.20690609829665,0,0,0.0
3645.0,133.299999999964,1.0,5.0,7.92686357730123,0,0,182.0
3646.0,129.33333333323,0.75,5.0,4.20346748925452,0,0,202.0
3647.0,125.8666666667,0.5,5.0,0.0287252121018242,0,0,0.0
3648.0,118.499999999913,0.75,5.0,0.0583373537978636,0,0,0.0
3649.0,126.966666666777,1.0,5.0,0.0988634885925251,0,0,0.0
3650.0,113.799999999977,1.0,4.0,1.7773889782821,0,0,0.0
3651.0,112.566666666764,1.0,5.0,1.97749649652343,0,0,18.0
3652.0,115.933333333372,0.75,5.0,0.132156095140475,0,0,0.0
3653.0,131.033333333167,1.0,5.0,0.459260335396141,0,0,0.0
3654.0,128.066666666654,1.0,4.0,3.60525946847689,0,0,0.0
3655.0,125.533333333392,1.0,5.0,6.16738293803906,0,0,116.0
3656.0,125.633333333459,0.75,5.0,2.46196440947164,0,0,87.0
3657.0,124.600000000008,0.5,5.0,0.0275660992110193,0,0,0.0
3658.0,124.4,0.75,5.0,0.0476159220719985,0,0,0.0
3659.0,110.733333333341,1.0,5.0,0.122369853455159,0,0,0.0
3660.0,113.433333333246,1.0,4.0,0.229461403171105,0,0,0.0
3661.0,101.066666666616,1.0,3.0,4.29371893099509,0,0,0.0
3662.0,102.133333333245,1.0,4.0,8.21253158213929,0,0,195.0
3663.0,106.833333333376,1.0,5.0,6.82634184199936,0,0,200.0
3664.0,111.500000000059,0.75,5.0,2.00083339649446,0,0,97.0
3665.0,106.399999999993,0.5,5.0,0.02434761499078,0,0,0.0
3666.0,104.566666666625,0.75,5.0,0.0455378634759817,0,0,0.0
3667.0,113.033333333213,1.0,5.0,0.0950419307897563,0,0,0.0
3668.0,110.566666666718,1.0,4.0,1.64469027212863,0,0,0.0
3669.0,107.633333333251,1.0,5.0,0.626321568445657,0,0,4.0
3670.0,97.0333333332622,1.0,4.0,0.20265565601005,0,0,0.0
3671.0,94.0000000000094,1.0,3.0,4.1083659285981,0,0,0.0
3672.0,97.3666666666375,1.0,4.0,5.73071612051774,0,0,145.0
3673.0,89.7666666666607,1.0,5.0,1.30446998107521,0,0,65.0
3674.0,95.8666666667753,0.75,5.0,0.0422968301041997,0,0,0.0
3675.0,105.499999999958,1.0,5.0,0.0674632216406748,0,0,0.0
3676.0,100.733333333333,1.0,4.0,0.106022073516534,0,0,0.0
3677.0,92.0666666666452,1.0,3.0,2.54552902884294,0,0,0.0
3678.0,87.8666666667253,1.0,4.0,3.04192933677591,0,0,36.0
3679.0,93.1333333333675,1.0,5.0,0.175610760686406,0,0,0.0
3680.0,82.9333333334246,1.0,4.0,0.0918233647881459,0,0,0.0
3681.0,84.2666666666189,1.0,3.0,1.94161818877868,0,0,0.0
3682.0,83.3666666666444,1.0,4.0,0.897951632667647,0,0,22.0
3683.0,78.6999999999528,1.0,5.0,0.0491227443663646,0,0,0.0
3684.0,82.1333333333799,1.0,4.0,0.0751386315723473,0,0,0.0
3685.0,84.9999999999575,1.0,3.0,1.74116709029381,0,0,0.0
3686.0,81.7666666665904,1.0,4.0,0.831225273588284,0,0,0.0
3687.0,80.7666666666936,1.0,5.0,0.045581121676364,0,0,0.0
3688.0,75.1333333333509,1.0,4.0,0.0684569849581951,0,0,0.0
3689.0,77.1333333333076,1.0,3.0,2.85123837351776,0,0,0.0
3690.0,82.6999999999476,1.0,4.0,0.71444710614538,0,0,0.0
3691.0,74.8333333332959,1.0,3.0,0.308245698770366,0,0,0.0
3692.0,74.7333333332636,1.0,2.0,5.01784116238772,0,0,0.0
3693.0,80.6666666666102,1.0,3.0,9.28169207789725,0,0,367.0
3694.0,85.166666666661,1.0,4.0,7.21140337725631,0,0,286.0
3695.0,83.8666666667226,1.0,5.0,2.25382376056876,0,0,105.0
3696.0,87.5666666666433,0.75,5.0,0.0340453677659366,0,0,0.0
3697.0,84.5333333333108,1.0,5.0,0.0463082900154378,0,0,0.0
3698.0,77.4333333333282,1.0,4.0,0.0552989382945727,0,0,0.0
3699.0,68.8666666666414,1.0,3.0,0.118350280086767,0,0,0.0
3700.0,66.9333333333512,1.0,2.0,5.04574820174599,0,0,0.0
3701.0,66.199999999989,1.0,3.0,5.91617968709731,0,0,161.0
3702.0,59.4333333333294,1.0,4.0,0.674087377645357,0,0,0.0
3703.0,60.3666666666647,1.0,3.0,0.491719574116062,0,0,0.0
3704.0,72.7666666666715,1.0,2.0,6.56898792568497,0,0,0.0
3705.0,77.5666666667417,1.0,3.0,8.98436646966739,0,0,342.0
3706.0,76.3000000000026,1.0,4.0,6.06503255449145,0,0,223.0
3707.0,77.5333333333592,1.0,5.0,0.94025682228365,0,0,23.0
3708.0,78.4333333332967,0.75,5.0,0.033562024905462,0,0,0.0
3709.0,67.9666666666553,1.0,5.0,0.0466541689204011,0,0,0.0
3710.0,73.833333333321,1.0,4.0,0.0491133052628894,0,0,0.0
3711.0,62.9666666667149,1.0,3.0,0.255221536832008,0,0,0.0
3712.0,71.733333333362,1.0,2.0,6.09315603818099,0,0,0.0
3713.0,79.0333333333729,1.0,3.0,9.142159249597,0,0,364.0
3714.0,78.1333333333333,1.0,4.0,6.89433551922667,0,0,245.0
3715.0,75.0666666666792,1.0,5.0,0.934042340310101,0,0,24.0
3716.0,79.9333333332987,0.75,5.0,0.0344391430589785,0,0,0.0
3717.0,80.5000000000188,1.0,5.0,0.0465733753746331,0,0,0.0
3718.0,78.7999999999816,1.0,4.0,0.0592496468377525,0,0,0.0
3719.0,77.0333333333616,1.0,3.0,0.145248682980813,0,0,0.0
3720.0,71.5,1.0,2.0,4.6796487056371,0,0,0.0
3721.0,70.0999999999977,1.0,3.0,7.39879313484084,0,0,196.0
3722.0,72.6999999999903,1.0,4.0,4.10257967451659,0,0,150.0
3723.0,71.0333333332954,1.0,5.0,0.0409586344859773,0,0,0.0
3724.0,61.6666666666543,1.0,4.0,0.0576413104210465,0,0,0.0
3725.0,71.733333333362,1.0,3.0,0.624074287160232,0,0,0.0
3726.0,77.1666666666872,1.0,2.0,5.66653254778681,0,0,0.0
3727.0,73.1999999999829,1.0,3.0,8.80366933366606,0,0,274.0
3728.0,79.6666666666242,1.0,4.0,6.98494581787745,0,0,267.0
3729.0,76.666666666682,1.0,5.0,1.79443563261157,0,0,81.0
3730.0,61.1666666666891,0.75,5.0,0.0321870545346583,0,0,0.0
3731.0,63.8333333333525,1.0,5.0,0.0446867490039122,0,0,0.0
3732.0,67.6000000000248,1.0,4.0,0.0711976185827117,0,0,0.0
3733.0,77.6999999999637,1.0,3.0,1.93881961430463,0,0,0.0
3734.0,81.0333333332955,1.0,4.0,0.407553356409827,0,0,0.0
3735.0,77.8666666666407,1.0,3.0,0.197728045563122,0,0,0.0
3736.0,74.2999999999802,1.0,2.0,5.52023721790482,0,0,0.0
3737.0,75.7666666666995,1.0,3.0,9.03133288298647,0,0,305.0
3738.0,79.3000000000397,1.0,4.0,6.96569338962013,0,0,260.0
3739.0,78.8000000000053,1.0,5.0,1.76863704976589,0,0,61.0
3740.0,70.4333333333146,0.75,5.0,0.0312879705398484,0,0,0.0
3741.0,69.733333333331,1.0,5.0,0.0444645686879188,0,0,0.0
3742.0,65.6666666667039,1.0,4.0,0.0463213368573114,0,0,0.0
3743.0,59.8000000000558,1.0,3.0,0.0925081619606971,0,0,0.0
3744.0,63.9999999999936,1.0,2.0,4.33550388166029,0,0,0.0
3745.0,70.1333333332936,1.0,3.0,7.5730211656389,0,0,178.0
3746.0,79.4000000000344,1.0,4.0,5.90745400949567,0,0,229.0
3747.0,81.5333333332599,1.0,5.0,1.23241054900041,0,0,69.0
3748.0,75.5666666666339,0.75,5.0,0.033999158290801,0,0,0.0
3749.0,72.6999999999806,1.0,5.0,0.0483112920192449,0,0,0.0
3750.0,79.7666666666534,1.0,4.0,0.0588888066867311,0,0,0.0
3751.0,77.0333333333693,1.0,3.0,0.138920712286051,0,0,0.0
3752.0,66.0000000000308,1.0,2.0,3.67562565437143,0,0,0.0
3753.0,64.6666666667184,1.0,3.0,4.37677646843876,0,0,107.0
3754.0,62.9666666666856,1.0,4.0,0.275699685546643,0,0,0.0
3755.0,66.1000000000044,1.0,3.0,0.109336331920837,0,0,0.0
3756.0,64.9666666667121,1.0,2.0,4.6567706315111,0,0,0.0
3757.0,73.7333333333088,1.0,3.0,8.93085016616577,0,0,251.0
3758.0,80.6000000000537,1.0,4.0,6.90356009288077,0,0,260.0
3759.0,78.8999999999606,1.0,5.0,1.54082037648748,0,0,68.0
3760.0,73.9666666666297,0.75,5.0,0.0308305183264466,0,0,0.0
3761.0,69.3333333333657,1.0,5.0,0.0464250558564811,0,0,0.0
3762.0,74.8666666666517,1.0,4.0,0.0577114333618718,0,0,0.0
3763.0,69.6666666666806,1.0,3.0,1.13633179288334,0,0,0.0
3764.0,78.5999999999712,1.0,4.0,0.179925774586924,0,0,0.0
3765.0,63.4333333333206,1.0,3.0,0.0971442931247913,0,0,0.0
3766.0,66.9666666667024,1.0,2.0,4.07232249201446,0,0,0.0
3767.0,66.2333333333311,1.0,3.0,4.86500464791297,0,0,106.0
3768.0,69.3333333332987,1.0,4.0,1.34278358402945,0,0,18.0
3769.0,77.100000000036,1.0,5.0,0.0481800954156195,0,0,0.0
3770.0,76.9000000000077,1.0,4.0,0.0804143828389673,0,0,0.0
3771.0,80.5999999999543,1.0,3.0,0.155054916386314,0,0,0.0
3772.0,69.6666666666318,1.0,2.0,4.46647504834887,0,0,0.0
3773.0,66.2666666666313,1.0,3.0,5.42958728769275,0,0,146.0
3774.0,61.0666666666545,1.0,4.0,0.590960849364116,0,0,0.0
3775.0,62.8333333333731,1.0,3.0,0.627290139502536,0,0,0.0
3776.0,79.4333333333016,1.0,2.0,5.95731855564461,0,0,0.0
3777.0,76.2000000000279,1.0,3.0,9.20662261339941,0,0,333.0
3778.0,78.1666666666823,1.0,4.0,6.79597282559429,0,0,252.0
3779.0,76.9333333333179,1.0,5.0,1.28577984718166,0,0,27.0
3780.0,67.7666666666441,0.75,5.0,0.0343249193300899,0,0,0.0
3781.0,75.9666666665907,1.0,5.0,0.0463936681862149,0,0,0.0
3782.0,75.8,1.0,4.0,0.0551029688335487,0,0,0.0
3783.0,71.6666666666261,1.0,3.0,0.109305544067525,0,0,0.0
3784.0,67.9999999999388,1.0,2.0,5.29972548459871,0,0,0.0
3785.0,75.6666666666591,1.0,3.0,9.1261010427363,0,0,289.0
3786.0,74.1000000000247,1.0,4.0,4.90759319535207,0,0,193.0
3787.0,66.3666666666733,1.0,5.0,0.0461939999519452,0,0,0.0
3788.0,78.9666666667167,1.0,4.0,0.0761026162938618,0,0,0.0
3789.0,78.2333333333307,1.0,3.0,0.14809785614211,0,0,0.0
3790.0,70.9333333334066,1.0,2.0,5.28408214150341,0,0,0.0
3791.0,74.1,1.0,3.0,8.38262589902317,0,0,269.0
3792.0,72.3333333333213,1.0,4.0,5.14881629796417,0,0,189.0
3793.0,76.2000000000508,1.0,5.0,0.474993843124303,0,0,0.0
3794.0,77.6666666666693,1.0,4.0,0.0491245379411328,0,0,0.0
3795.0,61.7000000000041,1.0,3.0,0.0593530777147775,0,0,0.0
3796.0,56.9999999999905,1.0,2.0,4.18779085698959,0,0,0.0
3797.0,70.6666666667303,1.0,3.0,8.00924185955753,0,0,216.0
3798.0,70.2333333332912,1.0,4.0,4.00840533719049,0,0,149.0
3799.0,70.5333333333122,1.0,5.0,0.0485015989184804,0,0,0.0
3800.0,78.3000000000157,1.0,4.0,0.0577202873063254,0,0,0.0
3801.0,74.3333333333507,1.0,3.0,0.122875937228154,0,0,0.0
3802.0,68.4666666666667,1.0,2.0,5.81504861648246,0,0,0.0
3803.0,81.3999999999864,1.0,3.0,9.61448750217706,0,0,409.0
3804.0,80.7333333333333,1.0,4.0,6.89805790333647,0,0,260.0
3805.0,79.9666666666507,1.0,5.0,1.74775993846438,0,0,71.0
3806.0,71.4000000000262,0.75,5.0,0.0305666643892598,0,0,0.0
3807.0,62.1666666666936,1.0,5.0,0.0456793189599078,0,0,0.0
3808.0,72.8000000000121,1.0,4.0,0.0578934803496061,0,0,0.0
3809.0,69.4999999999838,1.0,3.0,0.140316506769924,0,0,0.0
3810.0,67.0333333333199,1.0,2.0,4.72271812695761,0,0,0.0
3811.0,70.7333333333027,1.0,3.0,7.29950318057884,0,0,204.0
3812.0,72.2333333333213,1.0,4.0,3.56071997137736,0,0,132.0
3813.0,76.3999999999771,1.0,5.0,0.0514511753018425,0,0,0.0
3814.0,85.5999999999829,1.0,4.0,0.0804092401542447,0,0,0.0
3815.0,84.6666666666384,1.0,3.0,2.36807238503022,0,0,0.0
3816.0,85.2999999999517,1.0,4.0,2.09987669354358,0,0,30.0
3817.0,80.2000000000214,1.0,5.0,0.0448397379099457,0,0,0.0
3818.0,71.7333333333381,1.0,4.0,0.059654862856833,0,0,0.0
3819.0,76.3666666665979,1.0,3.0,2.11099845145169,0,0,0.0
3820.0,88.166666666508,1.0,4.0,1.85443911693003,0,0,41.0
3821.0,86.0666666666523,1.0,5.0,0.0543621475597458,0,0,0.0
3822.0,88.9666666666785,1.0,4.0,0.170233032581669,0,0,0.0
3823.0,94.9333333333428,1.0,3.0,1.98468484520986,0,0,0.0
3824.0,79.4000000000291,1.0,4.0,0.284456782164792,0,0,0.0
3825.0,76.700000000046,1.0,3.0,1.32254418332267,0,0,0.0
3826.0,85.3333333332565,1.0,4.0,2.17863449366785,0,0,2.0
3827.0,87.6333333334093,1.0,5.0,0.0465470374747594,0,0,0.0
3828.0,76.1666666666565,1.0,4.0,0.0779882703444917,0,0,0.0
3829.0,82.9999999999474,1.0,3.0,3.02607346749311,0,0,0.0
3830.0,90.0666666666877,1.0,4.0,3.49865820059756,0,0,39.0
3831.0,88.733333333283,1.0,5.0,0.114946538995478,0,0,0.0
3832.0,81.2666666666586,1.0,4.0,0.0841584996359648,0,0,0.0
3833.0,85.1999999999915,1.0,3.0,0.662279005335261,0,0,0.0
3834.0,80.8666666666801,1.0,2.0,8.59058429680818,0,0,0.0
3835.0,95.1000000000507,1.0,3.0,10.3512588483499,0,0,492.0
3836.0,96.6666666666667,1.0,4.0,8.7482272188547,0,0,315.0
3837.0,86.4333333333305,1.0,5.0,3.11968054110454,0,0,139.0
3838.0,94.5333333333869,0.75,5.0,0.0391016647406015,0,0,0.0
3839.0,94.8333333333428,1.0,5.0,0.0512701230048238,0,0,0.0
3840.0,83.000000000047,1.0,4.0,0.0815901386546256,0,0,0.0
3841.0,83.0666666666722,1.0,3.0,1.78582313189131,0,0,0.0
3842.0,85.0000000000737,1.0,4.0,1.04857158658452,0,0,0.0
3843.0,81.4000000000353,1.0,5.0,0.0486320106217874,0,0,0.0
3844.0,83.5333333332971,1.0,4.0,0.0949427979074071,0,0,0.0
3845.0,86.6333333333189,1.0,3.0,1.83271191171064,0,0,0.0
3846.0,86.0666666666122,1.0,4.0,1.66417604406174,0,0,0.0
3847.0,91.0999999999879,1.0,5.0,0.10437619010258,0,0,0.0
3848.0,98.6666666666897,1.0,4.0,0.131516554479169,0,0,0.0
3849.0,92.4666666666451,1.0,3.0,2.41022033072394,0,0,0.0
3850.0,88.3999999999676,1.0,4.0,2.52167686534727,0,0,27.0
3851.0,88.7333333333363,1.0,5.0,0.083743466152521,0,0,0.0
3852.0,92.733333333457,1.0,4.0,0.110634721405989,0,0,0.0
3853.0,89.7666666667175,1.0,3.0,2.82142007492477,0,0,0.0
3854.0,90.2333333333333,1.0,4.0,3.61328273700785,0,0,74.0
3855.0,90.2333333334506,1.0,5.0,0.35430250968415,0,0,0.0
3856.0,101.433333333408,1.0,4.0,0.172812210818698,0,0,0.0
3857.0,98.1333333333137,1.0,3.0,3.57737737650652,0,0,0.0
3858.0,97.4666666666732,1.0,4.0,6.16359751023426,0,0,131.0
3859.0,96.1666666667404,1.0,5.0,2.45015932671619,0,0,86.0
3860.0,101.433333333337,0.75,5.0,0.0444390000285614,0,0,0.0
3861.0,104.533333333323,1.0,5.0,0.0815692502798494,0,0,0.0
3862.0,105.733333333393,1.0,4.0,0.716304480388255,0,0,0.0
3863.0,106.033333333372,1.0,3.0,5.86397519448993,0,0,0.0
3864.0,104.466666666747,1.0,4.0,8.98897769940439,0,0,222.0
3865.0,100.599999999943,1.0,5.0,6.62480657047732,0,0,189.0
3866.0,100.166666666653,0.75,5.0,0.89069179770015,0,0,28.0
3867.0,102.466666666585,0.5,5.0,0.0233628008244987,0,0,0.0
3868.0,103.833333333295,0.75,5.0,0.0469717748403041,0,0,0.0
3869.0,110.866666666652,1.0,5.0,0.0710829924341815,0,0,0.0
3870.0,100.366666666724,1.0,4.0,0.443265128579049,0,0,0.0
3871.0,101.333333333316,1.0,3.0,3.4870613712164,0,0,0.0
3872.0,95.4000000000318,1.0,4.0,5.79398195103437,0,0,119.0
3873.0,101.066666666741,1.0,5.0,3.59963155355679,0,0,104.0
3874.0,101.39999999999,0.75,5.0,0.095480028670797,0,0,0.0
3875.0,94.8666666667426,1.0,5.0,0.0595706509472185,0,0,0.0
3876.0,94.9666666666667,1.0,4.0,0.192006401433735,0,0,0.0
3877.0,97.9666666666732,1.0,3.0,4.68861084668315,0,0,0.0
3878.0,103.866666666674,1.0,4.0,9.26415936696338,0,0,207.0
3879.0,110.700000000063,1.0,5.0,8.02364930045142,0,0,266.0
3880.0,108.500000000072,0.75,5.0,2.3103551804819,0,0,117.0
3881.0,109.166666666663,0.5,5.0,0.0245205394247277,0,0,0.0
3882.0,97.1666666666732,0.75,5.0,0.041353376543603,0,0,0.0
3883.0,101.500000000051,1.0,5.0,0.0714669936352157,0,0,0.0
3884.0,106.233333333344,1.0,4.0,1.82538486833705,0,0,0.0
3885.0,111.733333333348,1.0,5.0,1.07303918889504,0,0,0.0
3886.0,108.633333333286,0.75,5.0,0.0467696774794951,0,0,0.0
3887.0,105.600000000028,1.0,5.0,0.0666662739094962,0,0,0.0
3888.0,99.6999999999934,1.0,4.0,0.382908953929211,0,0,0.0
3889.0,104.699999999874,1.0,3.0,5.96225462884888,0,0,0.0
3890.0,115.000000000038,1.0,4.0,10.5551319414462,0,0,294.0
3891.0,112.633333333378,1.0,5.0,8.88473061658842,0,0,291.0
3892.0,115.333333333387,0.75,5.0,3.58780347167039,0,0,172.0
3893.0,111.60000000003,0.5,5.0,0.0265259127798372,0,0,0.0
3894.0,112.833333333431,0.75,5.0,0.0446269100803957,0,0,0.0
3895.0,112.233333333356,1.0,5.0,0.0955948252403008,0,0,0.0
3896.0,109.699999999989,1.0,4.0,0.276362927072867,0,0,0.0
3897.0,98.4333333333563,1.0,3.0,4.32021633293217,0,0,0.0
3898.0,104.833333333302,1.0,4.0,9.49721641533565,0,0,188.0
3899.0,114.866666666517,1.0,5.0,8.43093040452103,0,0,281.0
3900.0,112.76666666667,0.75,5.0,3.15047291796113,0,0,139.0
3901.0,99.7333333332702,0.5,5.0,0.0230465220977552,0,0,0.0
3902.0,99.4666666666634,0.75,5.0,0.0449320753393017,0,0,0.0
3903.0,106.466666666613,1.0,5.0,0.0674138753514987,0,0,0.0
3904.0,101.233333333354,1.0,4.0,0.255361471645384,0,0,0.0
3905.0,99.099999999967,1.0,3.0,3.93606090768446,0,0,0.0
3906.0,97.3999999999935,1.0,4.0,6.25942099264285,0,0,125.0
3907.0,98.1666666667681,1.0,5.0,2.7747642701307,0,0,68.0
3908.0,97.6666666667774,0.75,5.0,0.0412744832608219,0,0,0.0
3909.0,98.3999999999606,1.0,5.0,0.065424769343761,0,0,0.0
3910.0,99.2666666667031,1.0,4.0,0.234969885416654,0,0,0.0
3911.0,101.733333333381,1.0,3.0,4.72958910048618,0,0,0.0
3912.0,106.900000000053,1.0,4.0,8.6670376255962,0,0,211.0
3913.0,97.3666666667186,1.0,5.0,6.01926131957503,0,0,174.0
3914.0,99.2333333332936,0.75,5.0,0.606616545418116,0,0,0.0
3915.0,106.300000000014,1.0,5.0,0.0817699185493994,0,0,0.0
3916.0,107.100000000029,1.0,4.0,0.307675009032458,0,0,0.0
3917.0,98.7000000000197,1.0,3.0,5.14293953709383,0,0,0.0
3918.0,112.166666666629,1.0,4.0,10.020255114087,0,0,273.0
3919.0,108.900000000018,1.0,5.0,8.00352488467056,0,0,250.0
3920.0,111.73333333333,0.75,5.0,3.00451977907862,0,0,125.0
3921.0,112.833333333378,0.5,5.0,0.0242950079603532,0,0,0.0
3922.0,96.9666666666861,0.75,5.0,0.0390397437297748,0,0,0.0
3923.0,94.966666666597,1.0,5.0,0.0587887798744479,0,0,0.0
3924.0,93.266666666648,1.0,4.0,0.773274062849761,0,0,0.0
3925.0,107.766666666634,1.0,5.0,0.49685872025848,0,0,0.0
3926.0,104.96666666666,1.0,4.0,1.47822052727439,0,0,0.0
3927.0,112.799999999902,1.0,5.0,1.00212444041482,0,0,0.0
3928.0,109.199999999982,0.75,5.0,0.0472356491689356,0,0,0.0
3929.0,108.899999999898,1.0,5.0,0.0885461605606756,0,0,0.0
3930.0,108.599999999949,1.0,4.0,1.46374136324226,0,0,0.0
3931.0,108.466666666692,1.0,5.0,1.30806297951855,0,0,0.0
3932.0,116.666666666636,0.75,5.0,0.0408816327328485,0,0,0.0
3933.0,99.36666666666,1.0,5.0,0.0592943174535955,0,0,0.0
3934.0,92.5000000000185,1.0,4.0,0.266246282366381,0,0,0.0
3935.0,101.233333333303,1.0,3.0,4.92972714147525,0,0,0.0
3936.0,103.566666666608,1.0,4.0,9.07952368816138,0,0,197.0
3937.0,107.166666666617,1.0,5.0,7.52514593265282,0,0,188.0
3938.0,101.600000000041,0.75,5.0,1.60122299029622,0,0,51.0
3939.0,98.0000000000065,0.5,5.0,0.02375624230082,0,0,0.0
3940.0,102.366666666697,0.75,5.0,0.0412133179533317,0,0,0.0
3941.0,103.766666666722,1.0,5.0,0.0666027811083508,0,0,0.0
3942.0,98.5333333334056,1.0,4.0,0.751944592768302,0,0,0.0
3943.0,104.69999999999,1.0,5.0,0.370498375001508,0,0,0.0
3944.0,98.9333333333762,1.0,4.0,0.746755587167613,0,0,0.0
3945.0,102.233333333306,1.0,3.0,3.80062720247765,0,0,0.0
3946.0,92.5666666666975,1.0,4.0,5.22906304197127,0,0,84.0
3947.0,93.966666666651,1.0,5.0,1.50715186626345,0,0,40.0
3948.0,94.1999999999655,0.75,5.0,0.0391591454972953,0,0,0.0
3949.0,97.7666666667547,1.0,5.0,0.0647350421484105,0,0,0.0
3950.0,98.83333333333,1.0,4.0,0.230109731272781,0,0,0.0
3951.0,99.4666666666866,1.0,3.0,4.79804075743824,0,0,0.0
3952.0,105.799999999937,1.0,4.0,9.00376402734829,0,0,226.0
3953.0,95.3666666667048,1.0,5.0,4.80726634510106,0,0,165.0
3954.0,90.3333333333394,0.75,5.0,0.0421360246590144,0,0,0.0
3955.0,96.9333333334238,1.0,5.0,0.0580092690082529,0,0,0.0
3956.0,94.7000000000789,1.0,4.0,0.148672509624024,0,0,0.0
3957.0,92.8666666667007,1.0,3.0,3.87317023405256,0,0,0.0
3958.0,91.8000000000581,1.0,4.0,4.13611406669969,0,0,107.0
3959.0,81.3666666667019,1.0,5.0,0.0603726151133556,0,0,0.0
3960.0,89.5000000000298,1.0,4.0,0.224144330929226,0,0,0.0
3961.0,99.6666666666501,1.0,3.0,4.30999205582764,0,0,0.0
3962.0,97.4666666666927,1.0,4.0,5.57642475738996,0,0,166.0
3963.0,81.4999999999946,1.0,5.0,0.487847071909632,0,0,21.0
3964.0,84.299999999955,1.0,4.0,0.0936994695122566,0,0,0.0
3965.0,86.433333333316,1.0,3.0,1.57063339874225,0,0,0.0
3966.0,81.8000000000382,1.0,4.0,0.265011851449831,0,0,0.0
3967.0,83.33333333325,1.0,3.0,0.892655928871138,0,0,0.0
3968.0,79.5333333333386,1.0,4.0,0.514500408171672,0,0,0.0
3969.0,81.6666666666367,1.0,3.0,0.793349641530807,0,0,0.0
3970.0,80.1999999999733,1.0,4.0,0.178740109115252,0,0,0.0
3971.0,87.4666666666929,1.0,3.0,3.80892056137494,0,0,0.0
3972.0,96.5666666666184,1.0,4.0,5.92689751802274,0,0,153.0
3973.0,91.5000000000915,1.0,5.0,1.32321160353325,0,0,40.0
3974.0,83.5333333333166,0.75,5.0,0.0321378857596117,0,0,0.0
3975.0,79.3999999999894,1.0,5.0,0.0469876000681521,0,0,0.0
3976.0,74.9333333333408,1.0,4.0,0.0723933449789211,0,0,0.0
3977.0,80.0000000000053,1.0,3.0,2.74279557962565,0,0,0.0
3978.0,85.166666666644,1.0,4.0,1.22159764919973,0,0,37.0
3979.0,82.7999999999558,1.0,5.0,0.074933799852613,0,0,0.0
3980.0,99.5333333333035,1.0,4.0,0.102137416630429,0,0,0.0
3981.0,89.366666666613,1.0,3.0,3.02654286121213,0,0,0.0
3982.0,89.6999999999791,1.0,4.0,3.23442856754262,0,0,67.0
3983.0,85.4999999999886,1.0,5.0,0.0568133978112741,0,0,0.0
3984.0,79.4333333333519,1.0,4.0,0.0527478712544728,0,0,0.0
3985.0,69.3666666666274,1.0,3.0,0.09373325703703,0,0,0.0
3986.0,68.7666666666712,1.0,2.0,4.43777976259148,0,0,0.0
3987.0,69.5666666666458,1.0,3.0,6.87981270594233,0,0,207.0
3988.0,67.4999999999887,1.0,4.0,2.95797956500138,0,0,116.0
3989.0,70.1999999999649,1.0,5.0,0.0431396844835448,0,0,0.0
3990.0,65.4333333333682,1.0,4.0,0.059091372552337,0,0,0.0
3991.0,69.6666666667433,1.0,3.0,0.126501894342822,0,0,0.0
3992.0,69.1999999999816,1.0,2.0,4.73728714828503,0,0,0.0
3993.0,70.3999999999531,1.0,3.0,7.43576738865536,0,0,198.0
3994.0,76.3333333333639,1.0,4.0,5.50049880910264,0,0,180.0
3995.0,76.1666666666921,1.0,5.0,0.48377992986001,0,0,0.0
3996.0,73.8666666666864,1.0,4.0,0.0653896227799898,0,0,0.0
3997.0,81.5333333333252,1.0,3.0,1.15427057005545,0,0,0.0
3998.0,81.3333333333171,1.0,4.0,0.245213430417489,0,0,0.0
3999.0,78.4999999999791,1.0,3.0,0.182872431481758,0,0,0.0
4000.0,71.8999999999665,1.0,2.0,4.73556573717194,0,0,0.0
4001.0,67.4000000000292,1.0,3.0,5.750988219194,0,0,158.0
4002.0,67.1999999999933,1.0,4.0,1.67557016627659,0,0,57.0
4003.0,70.500000000007,1.0,5.0,0.0446042985846854,0,0,0.0
4004.0,65.1333333333312,1.0,4.0,0.0461992812068422,0,0,0.0
4005.0,61.2999999999551,1.0,3.0,0.101496450000874,0,0,0.0
4006.0,64.0999999999658,1.0,2.0,3.95126225168659,0,0,0.0
4007.0,65.3333333333181,1.0,3.0,5.26820559734781,0,0,146.0
4008.0,62.36666666665,1.0,4.0,0.571084693833423,0,0,0.0
4009.0,59.899999999974,1.0,3.0,0.156404818837958,0,0,0.0
4010.0,70.4666666667254,1.0,2.0,5.79734166307084,0,0,0.0
4011.0,78.6999999999921,1.0,3.0,8.97662362581982,0,0,329.0
4012.0,79.1000000000475,1.0,4.0,6.37076189723014,0,0,237.0
4013.0,74.5999999999702,1.0,5.0,0.635502722797327,0,0,0.0
4014.0,73.0333333333382,1.0,4.0,0.054495660883096,0,0,0.0
4015.0,71.4000000000167,1.0,3.0,0.083767382531843,0,0,0.0
4016.0,61.799999999967,1.0,2.0,3.72442391863366,0,0,0.0
4017.0,71.4000000000048,1.0,3.0,7.64414668074648,0,0,186.0
4018.0,74.0666666666889,1.0,4.0,4.44701443680749,0,0,151.0
4019.0,76.366666666659,1.0,5.0,0.127214637519029,0,0,0.0
4020.0,75.6000000000252,1.0,4.0,0.0673328039650103,0,0,0.0
4021.0,77.3333333333514,1.0,3.0,0.274679173369198,0,0,0.0
4022.0,75.9666666667122,1.0,2.0,3.27802796793922,0,0,0.0
4023.0,62.7333333333417,1.0,3.0,4.79604763559618,0,0,101.0
4024.0,74.4999999999926,1.0,4.0,2.00940683813192,0,0,87.0
4025.0,74.9333333333758,1.0,5.0,0.0463317422307677,0,0,0.0
4026.0,69.6666666666667,1.0,4.0,0.0481667878918782,0,0,0.0
4027.0,62.1666666666418,1.0,3.0,0.0792952046896317,0,0,0.0
4028.0,62.1000000000476,1.0,2.0,2.55233256114216,0,0,0.0
4029.0,59.6000000000139,1.0,3.0,1.62498132939712,0,0,54.0
4030.0,65.6000000000109,1.0,4.0,0.0584902726529013,0,0,0.0
4031.0,72.2666666666691,1.0,3.0,0.213723387234034,0,0,0.0
4032.0,73.6333333333039,1.0,2.0,5.10503320369601,0,0,0.0
4033.0,68.5999999999726,1.0,3.0,6.99407395261615,0,0,196.0
4034.0,69.566666666713,1.0,4.0,2.45743666041736,0,0,108.0
4035.0,64.1666666666581,1.0,5.0,0.0462115230972137,0,0,0.0
4036.0,70.9333333333381,1.0,4.0,0.0494687834898939,0,0,0.0
4037.0,63.2666666666582,1.0,3.0,0.0864040901800159,0,0,0.0
4038.0,60.6000000000404,1.0,2.0,3.03903121882822,0,0,0.0
4039.0,59.300000000002,1.0,3.0,2.49878000412529,0,0,51.0
4040.0,65.0000000000303,1.0,4.0,0.0554004547185298,0,0,0.0
4041.0,63.8333333333206,1.0,3.0,0.0892047755361774,0,0,0.0
4042.0,65.9666666666997,1.0,2.0,4.148648193006,0,0,0.0
4043.0,69.7999999999721,1.0,3.0,7.22149744164101,0,0,185.0
4044.0,71.9333333333453,1.0,4.0,3.14820940845776,0,0,129.0
4045.0,67.4333333332771,1.0,5.0,0.0417744401579054,0,0,0.0
4046.0,61.6999999999753,1.0,4.0,0.0509536114623454,0,0,0.0
4047.0,64.2333333333098,1.0,3.0,0.290805328038891,0,0,0.0
4048.0,70.2666666666151,1.0,2.0,6.24013887178665,0,0,0.0
4049.0,72.4333333332995,1.0,3.0,8.84545455166534,0,0,246.0
4050.0,66.7333333332666,1.0,4.0,3.97298958286949,0,0,144.0
4051.0,76.7666666666283,1.0,5.0,0.0635601307096563,0,0,0.0
4052.0,73.9333333332964,1.0,4.0,0.0561767995608908,0,0,0.0
4053.0,70.1666666666573,1.0,3.0,0.0911823578778131,0,0,0.0
4054.0,63.700000000034,1.0,2.0,4.06052355910212,0,0,0.0
4055.0,66.3000000000287,1.0,3.0,5.73915055415226,0,0,127.0
4056.0,62.8666666666855,1.0,4.0,0.579512330377721,0,0,0.0
4057.0,62.5000000000146,1.0,3.0,0.0792413523978794,0,0,0.0
4058.0,60.000000000008,1.0,2.0,4.85243174500008,0,0,0.0
4059.0,73.8000000000566,1.0,3.0,9.00949653224299,0,0,282.0
4060.0,79.5666666666959,1.0,4.0,7.09906127092707,0,0,266.0
4061.0,72.800000000051,1.0,5.0,1.06855816497412,0,0,10.0
4062.0,63.2333333333607,0.75,5.0,0.03260758174336,0,0,0.0
4063.0,70.0333333333193,1.0,5.0,0.0434388702548506,0,0,0.0
4064.0,67.4000000000045,1.0,4.0,0.0535367799651862,0,0,0.0
4065.0,69.3333333333796,1.0,3.0,0.100540783441436,0,0,0.0
4066.0,66.0666666666667,1.0,2.0,4.33554044929487,0,0,0.0
4067.0,70.1333333333427,1.0,3.0,7.36310340845399,0,0,231.0
4068.0,61.1666666667034,1.0,4.0,1.72201760521144,0,0,62.0
4069.0,66.6000000000355,1.0,5.0,0.0448901081923911,0,0,0.0
4070.0,69.0333333332781,1.0,4.0,0.0543051766627758,0,0,0.0
4071.0,70.6666666667279,1.0,3.0,0.0890528000544288,0,0,0.0
4072.0,64.5333333333355,1.0,2.0,4.19899046153414,0,0,0.0
4073.0,65.900000000022,1.0,3.0,5.24281563332024,0,0,149.0
4074.0,65.4666666666427,1.0,4.0,1.01156967514039,0,0,14.0
4075.0,63.1333333333396,1.0,5.0,0.0434884658581173,0,0,0.0
4076.0,67.8999999999819,1.0,4.0,0.0503687634087816,0,0,0.0
4077.0,63.0333333333165,1.0,3.0,0.116572946215268,0,0,0.0
4078.0,65.5666666666776,1.0,2.0,5.38067472267353,0,0,0.0
4079.0,74.7999999999451,1.0,3.0,8.9743668155771,0,0,277.0
4080.0,72.5000000000604,1.0,4.0,6.07354825668042,0,0,211.0
4081.0,75.1000000000275,1.0,5.0,0.765178451775539,0,0,1.0
4082.0,75.8999999999646,0.75,5.0,0.0332768641905097,0,0,0.0
4083.0,77.4999999999277,1.0,5.0,0.0499902255427533,0,0,0.0
4084.0,79.6333333333015,1.0,4.0,0.0607785299303197,0,0,0.0
4085.0,75.6000000000504,1.0,3.0,0.282570989243165,0,0,0.0
4086.0,70.8000000000024,1.0,2.0,2.74167756424659,0,0,0.0
4087.0,60.3333333333675,1.0,3.0,3.14891646142264,0,0,79.0
4088.0,64.933333333355,1.0,4.0,0.0672662160490947,0,0,0.0
4089.0,62.9333333333417,1.0,3.0,0.094000338954508,0,0,0.0
4090.0,66.5000000000022,1.0,2.0,3.39515021603608,0,0,0.0
4091.0,66.8666666666555,1.0,3.0,5.55445962569682,0,0,120.0
4092.0,63.8333333333206,1.0,4.0,0.801265554032676,0,0,11.0
4093.0,69.8333333333264,1.0,5.0,0.0455717503123036,0,0,0.0
4094.0,71.5333333333214,1.0,4.0,0.0553113622538586,0,0,0.0
4095.0,71.6666666666834,1.0,3.0,0.302171473756356,0,0,0.0
4096.0,73.3333333333162,1.0,2.0,2.92385196503019,0,0,0.0
4097.0,61.366666666681,1.0,3.0,3.14483666995093,0,0,56.0
4098.0,71.7666666666834,1.0,4.0,0.889730230879184,0,0,19.0
4099.0,66.2333333333731,1.0,5.0,0.042249772252801,0,0,0.0
4100.0,66.9999999999643,1.0,4.0,0.0477416110130794,0,0,0.0
4101.0,63.0666666666435,1.0,3.0,0.0824607573165027,0,0,0.0
4102.0,61.7666666666523,1.0,2.0,4.75186280653951,0,0,0.0
4103.0,68.3999999999772,1.0,3.0,6.41836309000663,0,0,179.0
4104.0,64.7666666666257,1.0,4.0,1.42628150142229,0,0,16.0
4105.0,74.3333333333928,1.0,5.0,0.0450346199792385,0,0,0.0
4106.0,74.5666666666443,1.0,4.0,0.0610591584805284,0,0,0.0
4107.0,75.2666666666667,1.0,3.0,0.122452188698202,0,0,0.0
4108.0,67.7999999999887,1.0,2.0,5.34381711041864,0,0,0.0
4109.0,74.1999999999728,1.0,3.0,8.63191462764367,0,0,261.0
4110.0,78.0333333333724,1.0,4.0,6.33951916837875,0,0,237.0
4111.0,78.5333333333255,1.0,5.0,1.29723448898851,0,0,63.0
4112.0,80.3333333333414,0.75,5.0,0.032175350035638,0,0,0.0
4113.0,79.0666666666719,1.0,5.0,0.0513038813147308,0,0,0.0
4114.0,83.2333333333611,1.0,4.0,0.117490223344851,0,0,0.0
4115.0,90.3333333332942,1.0,3.0,3.73442374471162,0,0,0.0
4116.0,94.2666666667075,1.0,4.0,4.92993308750082,0,0,115.0
4117.0,93.8999999999343,1.0,5.0,1.32448999550569,0,0,37.0
4118.0,93.80000000005,0.75,5.0,0.0376861415007307,0,0,0.0
4119.0,90.5666666666546,1.0,5.0,0.0519584146946249,0,0,0.0
4120.0,84.8666666666497,1.0,4.0,0.094685326602207,0,0,0.0
4121.0,86.2666666666494,1.0,3.0,3.04356571942755,0,0,0.0
4122.0,96.6666666666667,1.0,4.0,6.32368174569927,0,0,107.0
4123.0,106.500000000089,1.0,5.0,5.21470375398666,0,0,136.0
4124.0,109.233333333384,0.75,5.0,0.756396171065372,0,0,0.0
4125.0,106.733333333276,0.5,5.0,0.0244915936913328,0,0,0.0
4126.0,100.633333333206,0.75,5.0,0.0384859201376965,0,0,0.0
4127.0,96.5999999999903,1.0,5.0,0.0765198883575572,0,0,0.0
4128.0,104.666666666719,1.0,4.0,0.126608916116067,0,0,0.0
4129.0,91.0666666666424,1.0,3.0,3.69129403180878,0,0,0.0
4130.0,94.9999999999715,1.0,4.0,5.25478746232975,0,0,111.0
4131.0,92.9000000000031,1.0,5.0,1.29711164992558,0,0,26.0
4132.0,92.3000000000062,0.75,5.0,0.0385274212696965,0,0,0.0
4133.0,96.333333333282,1.0,5.0,0.0514388622680518,0,0,0.0
4134.0,90.7999999999909,1.0,4.0,0.273797777438341,0,0,0.0
4135.0,98.600000000069,1.0,3.0,4.40913129390616,0,0,0.0
4136.0,110.333333333414,1.0,4.0,9.73986265823037,0,0,267.0
4137.0,107.200000000007,1.0,5.0,7.82154475349143,0,0,226.0
4138.0,107.600000000011,0.75,5.0,2.27705152304972,0,0,111.0
4139.0,112.800000000105,0.5,5.0,0.0252056678351655,0,0,0.0
4140.0,103.433333333382,0.75,5.0,0.0468345319493219,0,0,0.0
4141.0,108.599999999971,1.0,5.0,0.101788942522302,0,0,0.0
4142.0,114.533333333394,1.0,4.0,2.65642115476284,0,0,0.0
4143.0,118.833333333349,1.0,5.0,3.57369030936457,0,0,47.0
4144.0,116.833333333306,0.75,5.0,0.224350189670801,0,0,0.0
4145.0,112.000000000101,1.0,5.0,0.084577920441791,0,0,0.0
4146.0,108.633333333377,1.0,4.0,2.157793765029,0,0,0.0
4147.0,120.033333333213,1.0,5.0,4.6394609291742,0,0,78.0
4148.0,125.266666666725,0.75,5.0,1.34082929329608,0,0,43.0
4149.0,126.299999999979,0.5,5.0,0.025235117878002,0,0,0.0
4150.0,117.100000000133,0.75,5.0,0.05757869996782,0,0,0.0
4151.0,128.233333333265,1.0,5.0,0.515981228153414,0,0,0.0
4152.0,127.566666666794,1.0,4.0,2.84209177692171,0,0,0.0
4153.0,116.566666666632,1.0,5.0,4.28332611019224,0,0,66.0
4154.0,121.566666666707,0.75,5.0,0.928090094641071,0,0,50.0
4155.0,115.40000000005,0.5,5.0,0.0266539701346808,0,0,0.0
4156.0,122.733333333243,0.75,5.0,0.0568820250832634,0,0,0.0
4157.0,124.933333333429,1.0,5.0,0.201038622644592,0,0,0.0
4158.0,119.999999999976,1.0,4.0,3.28326560265136,0,0,0.0
4159.0,121.666666666663,1.0,5.0,5.8156687060535,0,0,93.0
4160.0,134.6,0.75,5.0,3.28996507345285,0,0,121.0
4161.0,133.866666666662,0.5,5.0,0.034380803171001,0,0,0.0
4162.0,136.333333333379,0.75,5.0,0.0647294382840077,0,0,0.0
4163.0,129.600000000091,1.0,5.0,1.35367161758647,0,0,0.0
4164.0,137.466666666758,0.75,5.0,0.831720138690449,0,0,0.0
4165.0,136.266666666712,0.5,5.0,0.0299637558997737,0,0,0.0
4166.0,140.466666666695,0.75,5.0,0.0618650234281348,0,0,0.0
4167.0,125.766666666671,1.0,5.0,0.613450439365653,0,0,0.0
4168.0,125.766666666675,1.0,4.0,4.88430216616867,0,0,0.0
4169.0,134.666666666671,1.0,5.0,8.57924336701987,0,0,179.0
4170.0,135.066666666757,0.75,5.0,6.43834184417671,0,0,227.0
4171.0,136.599999999936,0.5,5.0,0.630997721290505,0,0,27.0
4172.0,137.899999999908,0.75,5.0,0.0716153796540041,0,0,0.0
4173.0,130.46666666668,1.0,5.0,0.423628654646451,0,0,0.0
4174.0,126.800000000063,1.0,4.0,3.77342181686199,0,0,0.0
4175.0,127.366666666641,1.0,5.0,6.68473338704611,0,0,122.0
4176.0,127.000000000034,0.75,5.0,3.60969959552215,0,0,127.0
4177.0,132.899999999951,0.5,5.0,0.0336658199762247,0,0,0.0
4178.0,132.866666666689,0.75,5.0,0.0613519400711781,0,0,0.0
4179.0,129.399999999957,1.0,5.0,0.50443722866122,0,0,0.0
4180.0,131.099999999882,1.0,4.0,5.20066144587335,0,0,0.0
4181.0,143.90000000013,1.0,5.0,10.5383004928299,0,0,267.0
4182.0,145.133333333358,0.75,5.0,8.35947662010097,0,0,276.0
4183.0,135.066666666671,0.5,5.0,1.07239186507652,0,0,68.0
4184.0,145.666666666788,0.25,5.0,0.0132344110052749,0,0,0.0
4185.0,144.900000000077,0.5,5.0,0.0302550837241178,0,0,0.0
4186.0,139.266666666523,0.75,5.0,0.105037388528606,0,0,0.0
4187.0,144.366666666671,1.0,5.0,1.31114855479182,0,0,0.0
4188.0,138.76666666681,0.75,5.0,0.69556623171012,0,0,0.0
4189.0,134.533333333396,1.0,5.0,2.24031904227993,0,0,0.0
4190.0,144.066666666671,0.75,5.0,2.08716080840398,0,0,9.0
4191.0,145.700000000058,0.5,5.0,0.0308926436131227,0,0,0.0
4192.0,141.533333333168,0.75,5.0,0.0790070788824863,0,0,0.0
4193.0,141.100000000028,1.0,5.0,2.32977724853327,0,0,0.0
4194.0,142.366666666667,0.75,5.0,1.22134428595388,0,0,52.0
4195.0,131.933333333263,0.5,5.0,0.0304322267315228,0,0,0.0
4196.0,137.033333333242,0.75,5.0,0.0755415694677082,0,0,0.0
4197.0,136.200000000009,1.0,5.0,0.695831024988628,0,0,0.0
4198.0,131.76666666668,1.0,4.0,4.57563130450722,0,0,0.0
4199.0,132.699999999991,1.0,5.0,8.38877497834885,0,0,160.0
